-101.0
-102.0
-101.0
-106.0
-105.0
-126.0
-114.0
-115.0
-128.0
-104.0
-113.0
-106.0
-109.0
-110.0
-134.0
-111.0
88.0
-127.0
-116.0
-110.0
-141.0
88.0
82.0
80.0
76.0
80.0
78.0
88.0
90.0
90.0
88.0
88.0
47.0
88.0
88.0
-106.0
-101.0
90.0
88.0
88.0
90.0
90.0
90.0
90.0
90.0
90.0
90.0
90.0
90.0
90.0
90.0
79.0
90.0
90.0
90.0
-109.0
90.0
90.0
90.0
90.0
90.0
90.0
90.0
90.0
90.0
90.0
90.0
90.0
90.0
90.0
90.0
90.0
90.0
90.0
90.0
77.0
88.0
90.0
90.0
90.0
90.0
90.0
90.0
90.0
90.0
90.0
-110.0
90.0
90.0
90.0
90.0
90.0
90.0
90.0
90.0
90.0
90.0
90.0
90.0
90.0
90.0
90.0
90.0
90.0
90.0
90.0
90.0
90.0
90.0
90.0
90.0
90.0
90.0
90.0
90.0
90.0
90.0
90.0
90.0
90.0
90.0
81.0
90.0
90.0
90.0
90.0
90.0
90.0
90.0
90.0
90.0
90.0
90.0
90.0
90.0
86.0
90.0
79.0
90.0
90.0
90.0
90.0
90.0
90.0
90.0
90.0
90.0
90.0
90.0
90.0
