-101.0
-103.0
-109.0
-102.0
-102.0
-116.0
-104.0
-135.0
-132.0
-106.0
-110.0
76.0
-107.0
76.0
-163.0
-113.0
88.0
-114.0
-121.0
-122.0
-186.0
-123.0
68.0
-128.0
-106.0
60.0
62.0
15.0
90.0
-111.0
70.0
72.0
-120.0
72.0
14.0
86.0
52.0
48.0
14.0
76.0
80.0
42.0
80.0
-121.0
-82.0
44.0
86.0
48.0
53.0
52.0
27.0
82.0
76.0
22.0
66.0
84.0
70.0
31.0
88.0
84.0
17.0
86.0
35.0
76.0
76.0
68.0
76.0
66.0
78.0
82.0
68.0
82.0
56.0
68.0
76.0
82.0
68.0
76.0
24.0
80.0
63.0
47.0
73.0
78.0
70.0
74.0
82.0
74.0
82.0
82.0
78.0
78.0
60.0
78.0
68.0
80.0
68.0
77.0
80.0
88.0
52.0
62.0
80.0
90.0
66.0
59.0
84.0
60.0
77.0
72.0
64.0
80.0
88.0
90.0
68.0
76.0
-112.0
76.0
72.0
78.0
72.0
54.0
86.0
80.0
76.0
90.0
90.0
84.0
86.0
56.0
84.0
84.0
64.0
80.0
78.0
58.0
90.0
86.0
82.0
86.0
77.0
84.0
84.0
67.0
66.0
76.0
90.0
86.0
76.0
86.0
