-101.0
-101.0
-102.0
-105.0
-104.0
-103.0
-114.0
-121.0
-108.0
-116.0
-113.0
-112.0
-136.0
-110.0
-123.0
69.0
-115.0
-119.0
-120.0
-127.0
-111.0
67.0
-142.0
-149.0
82.0
-120.0
65.0
29.0
53.0
-112.0
-125.0
66.0
71.0
15.0
-142.0
79.0
-183.0
-124.0
79.0
86.0
70.0
23.0
79.0
-103.0
77.0
84.0
88.0
79.0
-129.0
81.0
90.0
90.0
90.0
90.0
90.0
90.0
90.0
90.0
90.0
81.0
90.0
90.0
-108.0
90.0
90.0
90.0
90.0
90.0
90.0
90.0
90.0
90.0
90.0
90.0
90.0
90.0
90.0
90.0
90.0
90.0
90.0
90.0
90.0
-111.0
90.0
90.0
81.0
90.0
90.0
90.0
90.0
90.0
81.0
90.0
90.0
90.0
90.0
90.0
90.0
90.0
90.0
88.0
90.0
90.0
90.0
79.0
90.0
90.0
90.0
90.0
90.0
88.0
90.0
90.0
-138.0
-103.0
90.0
90.0
90.0
90.0
90.0
90.0
90.0
90.0
90.0
90.0
90.0
90.0
90.0
90.0
90.0
90.0
90.0
90.0
79.0
90.0
-119.0
90.0
90.0
90.0
90.0
-108.0
90.0
90.0
90.0
90.0
90.0
90.0
90.0
90.0
