-115.0
-101.0
-101.0
-106.0
-108.0
-102.0
-115.0
-105.0
-138.0
-109.0
-118.0
-128.0
60.0
-120.0
-114.0
-111.0
-138.0
62.0
-111.0
-110.0
-128.0
-132.0
38.0
-123.0
82.0
-159.0
48.0
80.0
72.0
90.0
38.0
84.0
-64.0
52.0
80.0
50.0
-64.0
52.0
86.0
31.0
86.0
90.0
59.0
-64.0
86.0
80.0
-158.0
-101.0
76.0
82.0
66.0
88.0
56.0
67.0
76.0
80.0
80.0
78.0
-129.0
78.0
62.0
84.0
70.0
61.0
86.0
77.0
76.0
66.0
74.0
-123.0
-82.0
78.0
90.0
70.0
82.0
55.0
90.0
86.0
78.0
82.0
84.0
64.0
80.0
88.0
76.0
90.0
74.0
80.0
76.0
71.0
78.0
82.0
80.0
86.0
88.0
82.0
58.0
86.0
90.0
80.0
30.0
90.0
86.0
82.0
84.0
86.0
80.0
86.0
74.0
82.0
86.0
76.0
88.0
80.0
90.0
90.0
76.0
86.0
76.0
90.0
82.0
-125.0
86.0
82.0
82.0
82.0
86.0
88.0
88.0
80.0
80.0
84.0
90.0
88.0
90.0
90.0
74.0
84.0
-119.0
84.0
90.0
74.0
90.0
84.0
76.0
86.0
88.0
88.0
88.0
88.0
-101.0
-101.0
-112.0
-113.0
-104.0
-115.0
-125.0
-111.0
-110.0
-132.0
-116.0
-118.0
-113.0
-118.0
-119.0
46.0
-123.0
-109.0
-130.0
-156.0
-134.0
-130.0
53.0
38.0
40.0
84.0
-74.0
68.0
82.0
56.0
-64.0
66.0
48.0
-73.0
82.0
74.0
-82.0
80.0
80.0
68.0
90.0
52.0
82.0
31.0
50.0
90.0
76.0
58.0
66.0
84.0
39.0
74.0
78.0
84.0
48.0
49.0
84.0
66.0
77.0
60.0
80.0
76.0
68.0
84.0
60.0
76.0
84.0
65.0
70.0
88.0
57.0
82.0
86.0
80.0
74.0
74.0
88.0
86.0
84.0
50.0
86.0
88.0
65.0
86.0
88.0
84.0
78.0
90.0
84.0
76.0
88.0
72.0
72.0
90.0
84.0
76.0
70.0
71.0
90.0
84.0
82.0
84.0
86.0
80.0
88.0
82.0
72.0
90.0
88.0
68.0
76.0
86.0
66.0
90.0
82.0
88.0
90.0
82.0
86.0
80.0
82.0
82.0
86.0
84.0
86.0
86.0
78.0
86.0
80.0
84.0
90.0
82.0
88.0
84.0
76.0
90.0
90.0
84.0
82.0
82.0
75.0
86.0
90.0
-122.0
71.0
86.0
84.0
86.0
88.0
86.0
