-101.0
-102.0
-101.0
-138.0
-102.0
-105.0
-103.0
-114.0
-134.0
-106.0
-117.0
-136.0
-118.0
-126.0
-132.0
84.0
-117.0
-106.0
-64.0
-117.0
66.0
-140.0
-120.0
-131.0
84.0
35.0
38.0
86.0
68.0
59.0
58.0
40.0
70.0
62.0
84.0
76.0
35.0
86.0
88.0
90.0
90.0
57.0
72.0
78.0
78.0
84.0
86.0
82.0
84.0
84.0
78.0
72.0
84.0
86.0
-112.0
-110.0
65.0
77.0
90.0
80.0
75.0
90.0
88.0
78.0
88.0
90.0
82.0
74.0
90.0
88.0
84.0
88.0
86.0
90.0
88.0
82.0
88.0
90.0
79.0
86.0
90.0
-119.0
-144.0
79.0
88.0
90.0
-107.0
90.0
88.0
90.0
90.0
84.0
90.0
90.0
88.0
88.0
90.0
86.0
90.0
88.0
90.0
88.0
86.0
90.0
90.0
90.0
90.0
90.0
79.0
90.0
90.0
90.0
86.0
90.0
90.0
90.0
90.0
90.0
90.0
90.0
90.0
90.0
90.0
90.0
90.0
90.0
90.0
90.0
90.0
90.0
90.0
90.0
90.0
79.0
90.0
90.0
90.0
90.0
90.0
79.0
90.0
90.0
90.0
90.0
90.0
88.0
90.0
90.0
90.0
90.0
-101.0
-101.0
-107.0
-106.0
-102.0
-103.0
-103.0
-120.0
-122.0
-111.0
-110.0
-104.0
-116.0
-107.0
-64.0
-103.0
-64.0
-121.0
-106.0
-117.0
-151.0
86.0
-151.0
-106.0
-110.0
50.0
60.0
-65.0
72.0
84.0
86.0
43.0
54.0
64.0
80.0
-63.0
80.0
84.0
70.0
49.0
90.0
-120.0
84.0
78.0
72.0
-106.0
86.0
82.0
78.0
82.0
80.0
80.0
90.0
70.0
84.0
-107.0
86.0
-110.0
-125.0
79.0
90.0
88.0
71.0
76.0
86.0
80.0
88.0
82.0
90.0
90.0
88.0
84.0
88.0
88.0
88.0
90.0
90.0
84.0
82.0
86.0
90.0
79.0
90.0
84.0
82.0
90.0
-111.0
90.0
81.0
-111.0
70.0
72.0
81.0
88.0
79.0
90.0
90.0
81.0
90.0
88.0
90.0
90.0
90.0
86.0
90.0
90.0
90.0
90.0
90.0
90.0
90.0
90.0
90.0
90.0
90.0
90.0
81.0
90.0
90.0
90.0
90.0
90.0
90.0
90.0
90.0
90.0
90.0
90.0
90.0
90.0
90.0
90.0
90.0
90.0
90.0
90.0
90.0
90.0
90.0
90.0
90.0
90.0
90.0
90.0
90.0
90.0
90.0
90.0
90.0
90.0
