-101.0
-103.0
-102.0
-108.0
-105.0
-117.0
-115.0
-103.0
-124.0
-112.0
-107.0
-149.0
78.0
-114.0
-111.0
-124.0
-120.0
-127.0
82.0
-116.0
-159.0
-111.0
84.0
72.0
79.0
90.0
82.0
86.0
71.0
78.0
90.0
78.0
86.0
86.0
90.0
82.0
90.0
86.0
88.0
90.0
79.0
81.0
90.0
90.0
90.0
90.0
90.0
90.0
90.0
90.0
90.0
90.0
90.0
90.0
90.0
90.0
90.0
90.0
90.0
90.0
90.0
90.0
90.0
90.0
90.0
90.0
90.0
90.0
90.0
90.0
90.0
79.0
90.0
90.0
90.0
90.0
90.0
90.0
90.0
90.0
90.0
90.0
90.0
90.0
90.0
90.0
90.0
86.0
90.0
90.0
90.0
90.0
90.0
90.0
90.0
90.0
90.0
90.0
90.0
90.0
90.0
-102.0
90.0
90.0
90.0
90.0
90.0
90.0
90.0
90.0
90.0
81.0
90.0
90.0
90.0
90.0
90.0
79.0
90.0
90.0
90.0
90.0
90.0
90.0
90.0
90.0
90.0
90.0
79.0
90.0
90.0
90.0
90.0
90.0
90.0
90.0
90.0
90.0
90.0
90.0
90.0
90.0
90.0
90.0
90.0
90.0
90.0
90.0
90.0
90.0
