-107.0
-101.0
-101.0
-114.0
-104.0
-104.0
-122.0
-103.0
-114.0
-117.0
-158.0
-111.0
-118.0
-107.0
-125.0
-133.0
-120.0
-129.0
-110.0
-128.0
-127.0
-158.0
-139.0
48.0
75.0
34.0
60.0
31.0
41.0
66.0
-63.0
74.0
-131.0
68.0
33.0
-114.0
66.0
32.0
72.0
72.0
72.0
78.0
44.0
76.0
86.0
74.0
-114.0
84.0
68.0
90.0
52.0
82.0
86.0
54.0
82.0
84.0
82.0
50.0
90.0
54.0
90.0
80.0
80.0
82.0
82.0
88.0
86.0
88.0
66.0
80.0
82.0
82.0
66.0
79.0
88.0
82.0
74.0
88.0
86.0
88.0
79.0
76.0
82.0
62.0
90.0
90.0
88.0
82.0
78.0
86.0
80.0
84.0
80.0
90.0
80.0
81.0
80.0
86.0
88.0
86.0
84.0
88.0
-121.0
73.0
88.0
86.0
88.0
78.0
88.0
88.0
84.0
84.0
90.0
78.0
88.0
79.0
90.0
84.0
88.0
84.0
90.0
84.0
90.0
80.0
88.0
90.0
82.0
88.0
90.0
88.0
90.0
86.0
90.0
77.0
90.0
90.0
86.0
84.0
90.0
86.0
86.0
88.0
88.0
90.0
90.0
86.0
86.0
81.0
90.0
90.0
