-101.0
-103.0
-101.0
-104.0
-104.0
-128.0
-123.0
-114.0
-110.0
-123.0
-116.0
-139.0
-110.0
-124.0
15.0
-122.0
-125.0
-105.0
56.0
-123.0
-111.0
-124.0
70.0
-119.0
-131.0
-105.0
-120.0
-130.0
-116.0
30.0
-134.0
-126.0
-187.0
-137.0
-177.0
-128.0
64.0
-139.0
8.0
0.0
-131.0
61.0
-173.0
7.0
64.0
68.0
72.0
79.0
-121.0
70.0
-128.0
77.0
81.0
81.0
81.0
81.0
72.0
81.0
81.0
81.0
81.0
81.0
81.0
81.0
81.0
81.0
81.0
81.0
81.0
81.0
81.0
81.0
81.0
81.0
81.0
81.0
81.0
79.0
81.0
81.0
77.0
81.0
81.0
81.0
81.0
81.0
81.0
81.0
81.0
81.0
81.0
81.0
81.0
81.0
81.0
81.0
81.0
81.0
81.0
81.0
79.0
81.0
81.0
81.0
81.0
81.0
81.0
81.0
81.0
81.0
81.0
81.0
81.0
81.0
81.0
81.0
81.0
81.0
72.0
81.0
81.0
81.0
81.0
81.0
79.0
81.0
81.0
81.0
81.0
81.0
81.0
81.0
81.0
81.0
81.0
81.0
81.0
81.0
81.0
81.0
79.0
81.0
81.0
70.0
81.0
81.0
81.0
81.0
81.0
81.0
