-101.0
-103.0
-101.0
-102.0
-102.0
-114.0
-109.0
-110.0
-127.0
-145.0
-111.0
-119.0
-114.0
-139.0
-121.0
-134.0
-110.0
-144.0
80.0
-109.0
-126.0
78.0
-120.0
-101.0
-118.0
-119.0
43.0
72.0
86.0
48.0
53.0
86.0
-114.0
80.0
90.0
88.0
88.0
88.0
76.0
82.0
90.0
88.0
90.0
88.0
90.0
90.0
88.0
77.0
90.0
90.0
90.0
90.0
90.0
90.0
90.0
88.0
90.0
90.0
90.0
90.0
90.0
90.0
90.0
90.0
90.0
90.0
90.0
90.0
90.0
90.0
90.0
88.0
90.0
90.0
90.0
90.0
90.0
90.0
90.0
90.0
90.0
90.0
90.0
90.0
90.0
90.0
90.0
90.0
90.0
90.0
90.0
81.0
90.0
81.0
90.0
90.0
90.0
90.0
90.0
90.0
90.0
90.0
90.0
90.0
90.0
90.0
90.0
90.0
90.0
90.0
90.0
90.0
79.0
90.0
90.0
90.0
90.0
90.0
90.0
90.0
90.0
90.0
90.0
90.0
90.0
90.0
90.0
90.0
90.0
90.0
90.0
90.0
90.0
90.0
90.0
90.0
90.0
90.0
90.0
90.0
81.0
90.0
90.0
90.0
90.0
90.0
90.0
90.0
81.0
90.0
