-102.0
-101.0
-101.0
-104.0
-108.0
-105.0
-115.0
-112.0
-120.0
-126.0
-114.0
-106.0
-151.0
-119.0
-137.0
-136.0
-115.0
-106.0
62.0
-132.0
-140.0
-132.0
82.0
-105.0
-65.0
-125.0
66.0
69.0
48.0
68.0
74.0
68.0
88.0
60.0
80.0
72.0
80.0
82.0
58.0
78.0
-112.0
65.0
-110.0
69.0
77.0
90.0
78.0
88.0
86.0
90.0
88.0
84.0
84.0
76.0
82.0
88.0
84.0
88.0
82.0
79.0
-111.0
70.0
81.0
-101.0
-103.0
-105.0
-104.0
-106.0
-152.0
-103.0
-112.0
-104.0
-118.0
-118.0
-120.0
-133.0
-122.0
-107.0
-139.0
-122.0
-136.0
-117.0
88.0
-171.0
-117.0
82.0
-64.0
82.0
48.0
78.0
80.0
74.0
-64.0
78.0
84.0
88.0
70.0
86.0
64.0
84.0
88.0
80.0
88.0
84.0
-110.0
-135.0
-121.0
80.0
66.0
84.0
86.0
86.0
88.0
82.0
84.0
88.0
74.0
76.0
88.0
90.0
80.0
88.0
82.0
-115.0
81.0
81.0
81.0
-133.0
90.0
86.0
88.0
88.0
90.0
90.0
84.0
88.0
88.0
90.0
88.0
90.0
90.0
90.0
81.0
79.0
84.0
88.0
90.0
90.0
90.0
90.0
