-101.0
-101.0
-114.0
-104.0
-109.0
-110.0
-106.0
-103.0
-108.0
-110.0
-133.0
-101.0
-127.0
-117.0
-105.0
-136.0
-73.0
-121.0
78.0
-112.0
-140.0
-126.0
-131.0
-120.0
-108.0
82.0
-125.0
-64.0
82.0
80.0
68.0
82.0
74.0
86.0
78.0
90.0
59.0
84.0
84.0
80.0
76.0
88.0
76.0
90.0
86.0
90.0
81.0
84.0
88.0
90.0
84.0
88.0
84.0
88.0
90.0
90.0
84.0
88.0
88.0
90.0
88.0
90.0
82.0
90.0
90.0
90.0
88.0
90.0
90.0
90.0
90.0
90.0
90.0
90.0
90.0
90.0
90.0
88.0
90.0
88.0
88.0
88.0
90.0
90.0
90.0
90.0
90.0
90.0
90.0
90.0
90.0
88.0
-103.0
90.0
90.0
90.0
90.0
90.0
90.0
-101.0
90.0
90.0
90.0
90.0
90.0
90.0
90.0
90.0
90.0
90.0
90.0
90.0
90.0
90.0
90.0
90.0
-103.0
90.0
90.0
90.0
90.0
90.0
90.0
90.0
90.0
90.0
90.0
90.0
90.0
90.0
90.0
90.0
90.0
90.0
79.0
79.0
88.0
90.0
90.0
90.0
90.0
90.0
90.0
90.0
88.0
90.0
90.0
90.0
90.0
79.0
