-101.0
-105.0
-102.0
-105.0
-102.0
-109.0
-140.0
-114.0
56.0
-111.0
-104.0
-120.0
-114.0
-111.0
-128.0
-121.0
-118.0
-113.0
-130.0
-113.0
-137.0
-139.0
82.0
46.0
68.0
76.0
84.0
74.0
86.0
76.0
86.0
66.0
86.0
75.0
86.0
90.0
90.0
90.0
78.0
79.0
88.0
88.0
90.0
90.0
90.0
88.0
90.0
86.0
90.0
90.0
90.0
90.0
90.0
90.0
90.0
90.0
90.0
90.0
90.0
90.0
90.0
90.0
90.0
90.0
90.0
90.0
90.0
90.0
90.0
90.0
90.0
90.0
90.0
90.0
90.0
90.0
90.0
90.0
81.0
79.0
90.0
90.0
90.0
90.0
90.0
90.0
90.0
90.0
90.0
90.0
90.0
90.0
90.0
90.0
90.0
90.0
90.0
90.0
90.0
90.0
90.0
90.0
90.0
90.0
90.0
90.0
90.0
90.0
90.0
90.0
70.0
90.0
90.0
90.0
90.0
90.0
81.0
90.0
90.0
90.0
90.0
90.0
90.0
90.0
90.0
90.0
90.0
90.0
90.0
90.0
90.0
90.0
90.0
90.0
90.0
90.0
79.0
90.0
90.0
90.0
90.0
90.0
90.0
90.0
90.0
90.0
90.0
90.0
90.0
90.0
