-101.0
-104.0
-101.0
-116.0
-105.0
-107.0
-102.0
-64.0
-113.0
-110.0
-104.0
-114.0
-116.0
-118.0
-123.0
-110.0
-111.0
-113.0
-119.0
-134.0
-123.0
-125.0
-111.0
-121.0
-145.0
-111.0
-137.0
46.0
90.0
70.0
-140.0
43.0
53.0
60.0
81.0
51.0
-112.0
70.0
40.0
90.0
90.0
70.0
-115.0
86.0
90.0
90.0
90.0
81.0
90.0
90.0
90.0
90.0
90.0
90.0
90.0
90.0
90.0
90.0
90.0
90.0
90.0
90.0
90.0
90.0
90.0
81.0
90.0
90.0
90.0
90.0
90.0
90.0
90.0
90.0
-110.0
90.0
88.0
90.0
90.0
90.0
90.0
90.0
90.0
88.0
90.0
90.0
90.0
90.0
90.0
90.0
90.0
90.0
90.0
90.0
90.0
90.0
90.0
90.0
90.0
90.0
90.0
90.0
90.0
-109.0
90.0
90.0
90.0
90.0
90.0
90.0
90.0
90.0
90.0
90.0
90.0
90.0
90.0
90.0
90.0
90.0
90.0
90.0
90.0
90.0
90.0
90.0
86.0
90.0
90.0
90.0
90.0
90.0
90.0
90.0
90.0
90.0
90.0
90.0
90.0
90.0
90.0
90.0
90.0
90.0
79.0
90.0
90.0
90.0
90.0
90.0
