-101.0
-102.0
-101.0
-112.0
-109.0
-109.0
-124.0
-144.0
-115.0
-104.0
-117.0
-110.0
-121.0
-109.0
-113.0
-118.0
-118.0
-129.0
-127.0
-122.0
-111.0
-138.0
-123.0
79.0
-114.0
-9.0
77.0
-112.0
88.0
88.0
68.0
-114.0
72.0
14.0
90.0
-126.0
-126.0
70.0
37.0
64.0
81.0
62.0
61.0
-116.0
81.0
81.0
-134.0
81.0
81.0
81.0
81.0
81.0
72.0
81.0
81.0
81.0
79.0
81.0
81.0
81.0
81.0
81.0
81.0
81.0
81.0
81.0
81.0
81.0
81.0
81.0
81.0
81.0
81.0
81.0
81.0
81.0
81.0
81.0
81.0
81.0
81.0
81.0
81.0
70.0
81.0
81.0
81.0
81.0
81.0
81.0
59.0
81.0
-110.0
81.0
81.0
81.0
81.0
81.0
81.0
81.0
81.0
81.0
81.0
81.0
-118.0
81.0
81.0
81.0
81.0
81.0
81.0
81.0
81.0
81.0
81.0
81.0
81.0
81.0
81.0
81.0
81.0
81.0
81.0
81.0
81.0
81.0
81.0
81.0
72.0
81.0
81.0
81.0
81.0
81.0
81.0
81.0
81.0
81.0
81.0
81.0
81.0
81.0
81.0
81.0
81.0
81.0
81.0
81.0
81.0
81.0
