-120.0
-109.0
-101.0
-103.0
-104.0
-118.0
-103.0
-111.0
-106.0
68.0
-108.0
-106.0
-125.0
-131.0
-110.0
-129.0
-110.0
-118.0
-117.0
-118.0
-110.0
90.0
62.0
-122.0
-111.0
69.0
75.0
74.0
32.0
30.0
-145.0
-112.0
79.0
66.0
90.0
57.0
77.0
-146.0
81.0
90.0
79.0
88.0
81.0
81.0
90.0
81.0
81.0
81.0
81.0
81.0
81.0
81.0
81.0
81.0
81.0
81.0
81.0
81.0
81.0
81.0
81.0
81.0
81.0
81.0
81.0
81.0
81.0
79.0
81.0
81.0
81.0
81.0
81.0
72.0
81.0
81.0
81.0
81.0
81.0
81.0
81.0
81.0
81.0
81.0
81.0
81.0
81.0
81.0
81.0
81.0
81.0
81.0
81.0
81.0
81.0
81.0
81.0
81.0
-110.0
81.0
81.0
81.0
72.0
81.0
81.0
81.0
70.0
79.0
81.0
81.0
81.0
81.0
81.0
81.0
79.0
81.0
81.0
72.0
81.0
81.0
81.0
81.0
81.0
81.0
81.0
81.0
81.0
-110.0
81.0
81.0
81.0
79.0
81.0
81.0
81.0
81.0
81.0
81.0
70.0
81.0
81.0
81.0
81.0
-110.0
81.0
81.0
81.0
81.0
81.0
81.0
