-101.0
-107.0
-104.0
-101.0
-108.0
-109.0
-109.0
-110.0
-106.0
-146.0
-153.0
-119.0
-118.0
-113.0
-140.0
-115.0
27.0
-125.0
-116.0
-108.0
-158.0
-122.0
-128.0
68.0
-64.0
62.0
-110.0
82.0
-64.0
-102.0
90.0
74.0
-64.0
78.0
80.0
74.0
36.0
80.0
27.0
90.0
84.0
54.0
71.0
-101.0
72.0
60.0
88.0
88.0
82.0
66.0
73.0
67.0
88.0
60.0
74.0
82.0
78.0
86.0
86.0
84.0
68.0
86.0
86.0
-104.0
72.0
78.0
76.0
84.0
90.0
80.0
66.0
88.0
86.0
86.0
84.0
90.0
86.0
78.0
86.0
90.0
82.0
86.0
84.0
71.0
88.0
86.0
84.0
65.0
82.0
90.0
88.0
90.0
-112.0
90.0
84.0
86.0
78.0
75.0
90.0
86.0
90.0
84.0
90.0
86.0
86.0
88.0
90.0
90.0
80.0
88.0
76.0
90.0
90.0
90.0
90.0
88.0
82.0
90.0
90.0
90.0
88.0
90.0
90.0
88.0
88.0
88.0
88.0
90.0
88.0
79.0
88.0
86.0
90.0
90.0
88.0
90.0
86.0
90.0
90.0
90.0
88.0
88.0
90.0
90.0
90.0
90.0
90.0
90.0
90.0
86.0
