-101.0
-109.0
-101.0
-102.0
-134.0
-108.0
-108.0
-118.0
-139.0
-107.0
-105.0
-107.0
-136.0
-124.0
-114.0
-114.0
-106.0
-108.0
-115.0
-114.0
82.0
-115.0
82.0
82.0
88.0
82.0
80.0
76.0
67.0
-107.0
82.0
80.0
84.0
75.0
86.0
90.0
84.0
86.0
84.0
90.0
90.0
86.0
88.0
88.0
88.0
90.0
90.0
90.0
90.0
90.0
90.0
90.0
88.0
90.0
90.0
90.0
90.0
-110.0
90.0
90.0
90.0
90.0
90.0
90.0
90.0
90.0
90.0
90.0
90.0
90.0
90.0
90.0
90.0
90.0
90.0
90.0
90.0
90.0
90.0
81.0
90.0
90.0
90.0
90.0
90.0
90.0
90.0
90.0
90.0
90.0
90.0
90.0
90.0
90.0
90.0
90.0
72.0
90.0
90.0
90.0
90.0
90.0
86.0
90.0
90.0
90.0
90.0
90.0
90.0
90.0
90.0
90.0
90.0
90.0
90.0
90.0
90.0
90.0
90.0
90.0
90.0
90.0
90.0
90.0
90.0
90.0
90.0
90.0
90.0
90.0
90.0
90.0
90.0
79.0
90.0
90.0
90.0
90.0
90.0
90.0
90.0
90.0
79.0
90.0
90.0
90.0
90.0
-101.0
90.0
90.0
