-103.0
-102.0
-101.0
-106.0
-110.0
-114.0
-105.0
-103.0
-112.0
-101.0
-156.0
-111.0
-121.0
-112.0
-115.0
-125.0
-136.0
-126.0
-128.0
-169.0
-120.0
-132.0
44.0
-126.0
42.0
-76.0
38.0
-155.0
78.0
90.0
46.0
77.0
53.0
-75.0
38.0
70.0
60.0
44.0
56.0
60.0
74.0
29.0
66.0
68.0
86.0
82.0
-99.0
80.0
84.0
66.0
72.0
84.0
50.0
86.0
80.0
74.0
52.0
86.0
72.0
51.0
84.0
82.0
74.0
70.0
80.0
86.0
63.0
84.0
80.0
68.0
50.0
84.0
80.0
88.0
86.0
84.0
72.0
80.0
74.0
88.0
54.0
90.0
-110.0
80.0
84.0
78.0
84.0
80.0
84.0
86.0
76.0
63.0
86.0
88.0
78.0
78.0
80.0
82.0
86.0
-119.0
90.0
67.0
88.0
90.0
-122.0
80.0
88.0
84.0
72.0
82.0
82.0
82.0
88.0
80.0
80.0
71.0
88.0
76.0
84.0
90.0
90.0
82.0
88.0
86.0
88.0
74.0
86.0
88.0
86.0
86.0
84.0
86.0
78.0
90.0
88.0
84.0
88.0
74.0
84.0
90.0
80.0
88.0
86.0
90.0
82.0
88.0
88.0
-110.0
84.0
80.0
