-101.0
-101.0
-119.0
-107.0
-103.0
-102.0
-102.0
-123.0
-118.0
-139.0
-107.0
-138.0
-132.0
-125.0
-105.0
-114.0
-128.0
-106.0
-110.0
-124.0
-110.0
-135.0
-116.0
-120.0
36.0
78.0
78.0
64.0
-122.0
-122.0
48.0
-2.0
79.0
-125.0
62.0
75.0
-102.0
79.0
73.0
-136.0
62.0
-113.0
-23.0
88.0
79.0
-113.0
68.0
90.0
90.0
61.0
77.0
73.0
90.0
90.0
90.0
90.0
90.0
-103.0
90.0
90.0
90.0
90.0
90.0
90.0
90.0
90.0
90.0
90.0
90.0
90.0
90.0
90.0
90.0
90.0
-103.0
90.0
81.0
-103.0
90.0
90.0
90.0
90.0
90.0
90.0
90.0
90.0
90.0
90.0
81.0
90.0
81.0
90.0
90.0
90.0
90.0
90.0
90.0
90.0
90.0
90.0
90.0
90.0
90.0
90.0
90.0
90.0
90.0
81.0
90.0
90.0
90.0
90.0
90.0
90.0
90.0
90.0
90.0
90.0
90.0
90.0
90.0
90.0
90.0
90.0
90.0
90.0
90.0
90.0
90.0
90.0
90.0
90.0
90.0
90.0
90.0
90.0
90.0
90.0
79.0
90.0
90.0
90.0
90.0
90.0
90.0
90.0
90.0
90.0
90.0
90.0
