-101.0
-101.0
-114.0
-108.0
-102.0
-102.0
-105.0
-113.0
-128.0
78.0
-115.0
-122.0
-121.0
-117.0
-141.0
-129.0
-141.0
-110.0
-139.0
-140.0
-120.0
51.0
-112.0
58.0
72.0
-61.0
63.0
72.0
-101.0
86.0
46.0
33.0
40.0
80.0
80.0
72.0
25.0
54.0
-121.0
84.0
66.0
80.0
60.0
80.0
78.0
68.0
88.0
78.0
64.0
88.0
82.0
-116.0
82.0
66.0
76.0
90.0
88.0
84.0
52.0
86.0
86.0
90.0
60.0
84.0
86.0
88.0
90.0
90.0
-115.0
75.0
88.0
90.0
90.0
-116.0
71.0
79.0
-110.0
78.0
88.0
82.0
86.0
82.0
90.0
90.0
88.0
74.0
84.0
88.0
90.0
90.0
90.0
86.0
86.0
84.0
84.0
88.0
90.0
90.0
86.0
88.0
90.0
74.0
-110.0
86.0
90.0
90.0
88.0
90.0
-101.0
68.0
70.0
90.0
90.0
88.0
90.0
90.0
90.0
90.0
90.0
82.0
79.0
81.0
-111.0
81.0
81.0
79.0
90.0
90.0
90.0
90.0
90.0
90.0
86.0
90.0
90.0
90.0
90.0
90.0
90.0
90.0
90.0
90.0
90.0
88.0
90.0
90.0
90.0
90.0
90.0
90.0
