-138.0
-102.0
-102.0
-101.0
-101.0
-139.0
-109.0
-107.0
58.0
-123.0
-130.0
-109.0
-108.0
-154.0
-110.0
-112.0
-106.0
88.0
-115.0
-178.0
-119.0
-136.0
-207.0
-110.0
-102.0
-139.0
-117.0
-108.0
-123.0
-119.0
-191.0
-129.0
47.0
36.0
-116.0
45.0
-106.0
19.0
-158.0
-115.0
57.0
65.0
-112.0
78.0
-144.0
67.0
71.0
-101.0
-122.0
-73.0
47.0
-151.0
79.0
84.0
53.0
55.0
76.0
-112.0
45.0
-113.0
84.0
-101.0
43.0
44.0
62.0
88.0
-110.0
88.0
73.0
-101.0
-148.0
79.0
-136.0
69.0
-114.0
62.0
79.0
76.0
82.0
-136.0
90.0
88.0
-125.0
80.0
90.0
82.0
70.0
-196.0
-101.0
73.0
75.0
-110.0
-124.0
86.0
-126.0
88.0
84.0
84.0
90.0
90.0
50.0
80.0
90.0
-102.0
-113.0
-114.0
-134.0
75.0
-115.0
59.0
84.0
77.0
68.0
88.0
86.0
-110.0
79.0
-112.0
79.0
88.0
-124.0
88.0
62.0
90.0
84.0
64.0
75.0
88.0
66.0
-113.0
90.0
77.0
82.0
-121.0
86.0
84.0
86.0
-117.0
86.0
88.0
90.0
-119.0
75.0
77.0
77.0
-129.0
68.0
90.0
88.0
-103.0
