-108.0
-102.0
-103.0
-101.0
-110.0
-110.0
-103.0
-173.0
-109.0
-107.0
-117.0
-131.0
-110.0
-110.0
-127.0
-129.0
-111.0
-102.0
-110.0
-123.0
-142.0
-112.0
-111.0
-119.0
-111.0
-136.0
74.0
-141.0
-134.0
-126.0
-190.0
82.0
70.0
-112.0
68.0
77.0
-115.0
18.0
-122.0
-153.0
-133.0
73.0
37.0
-115.0
28.0
57.0
-145.0
72.0
77.0
-190.0
-110.0
75.0
55.0
88.0
88.0
79.0
86.0
81.0
55.0
81.0
88.0
79.0
81.0
81.0
81.0
81.0
-111.0
79.0
72.0
81.0
-137.0
81.0
81.0
81.0
81.0
-119.0
70.0
61.0
70.0
-101.0
81.0
72.0
-101.0
81.0
81.0
70.0
81.0
70.0
-121.0
81.0
81.0
70.0
72.0
72.0
81.0
81.0
-101.0
59.0
81.0
81.0
81.0
59.0
81.0
59.0
81.0
81.0
81.0
26.0
77.0
70.0
81.0
-119.0
81.0
81.0
79.0
72.0
81.0
81.0
81.0
-110.0
81.0
79.0
68.0
81.0
63.0
72.0
81.0
70.0
-111.0
81.0
72.0
77.0
63.0
72.0
81.0
81.0
68.0
81.0
81.0
79.0
81.0
70.0
-110.0
61.0
72.0
81.0
70.0
81.0
81.0
59.0
