-101.0
-112.0
-101.0
-104.0
-102.0
-127.0
-114.0
61.0
-143.0
-103.0
-107.0
-107.0
-109.0
-197.0
-105.0
-151.0
-102.0
-129.0
-162.0
-121.0
67.0
71.0
-117.0
-105.0
-116.0
-112.0
54.0
-112.0
63.0
86.0
-132.0
-110.0
-119.0
76.0
73.0
86.0
77.0
90.0
63.0
90.0
90.0
88.0
90.0
-103.0
-110.0
64.0
79.0
90.0
77.0
-110.0
90.0
81.0
-103.0
81.0
90.0
68.0
90.0
90.0
-111.0
72.0
90.0
90.0
86.0
51.0
-110.0
90.0
-101.0
-103.0
90.0
90.0
90.0
86.0
81.0
88.0
81.0
-115.0
59.0
90.0
90.0
81.0
90.0
81.0
90.0
90.0
66.0
-119.0
70.0
68.0
86.0
72.0
79.0
-102.0
64.0
90.0
-110.0
79.0
81.0
90.0
90.0
79.0
-101.0
-114.0
81.0
90.0
90.0
90.0
88.0
81.0
90.0
90.0
90.0
90.0
90.0
79.0
79.0
90.0
90.0
79.0
88.0
-110.0
90.0
79.0
70.0
61.0
90.0
90.0
-114.0
90.0
90.0
-110.0
90.0
77.0
90.0
90.0
81.0
90.0
88.0
90.0
90.0
72.0
79.0
90.0
81.0
88.0
90.0
84.0
90.0
-110.0
79.0
90.0
