-116.0
-101.0
-102.0
-101.0
-109.0
-133.0
-103.0
-102.0
-159.0
-108.0
-165.0
-119.0
-122.0
-104.0
-115.0
-119.0
-110.0
-127.0
-123.0
-125.0
66.0
-125.0
-121.0
-144.0
74.0
-140.0
-169.0
-104.0
-115.0
44.0
75.0
66.0
88.0
90.0
86.0
84.0
-101.0
66.0
81.0
-119.0
88.0
90.0
81.0
90.0
90.0
90.0
72.0
90.0
88.0
90.0
-103.0
-118.0
90.0
90.0
-112.0
90.0
88.0
81.0
-110.0
90.0
81.0
79.0
72.0
88.0
90.0
90.0
90.0
-101.0
90.0
90.0
81.0
90.0
90.0
77.0
90.0
90.0
81.0
81.0
-110.0
88.0
90.0
79.0
90.0
-102.0
90.0
88.0
79.0
90.0
81.0
90.0
72.0
90.0
90.0
90.0
90.0
75.0
-120.0
90.0
79.0
90.0
84.0
90.0
90.0
90.0
79.0
90.0
-103.0
66.0
90.0
79.0
72.0
-128.0
90.0
88.0
79.0
79.0
79.0
90.0
90.0
79.0
81.0
81.0
88.0
81.0
79.0
-103.0
-110.0
81.0
88.0
79.0
70.0
90.0
77.0
-117.0
79.0
81.0
90.0
88.0
75.0
-112.0
81.0
88.0
88.0
90.0
90.0
90.0
90.0
90.0
72.0
79.0
