-103.0
-105.0
-108.0
-110.0
-104.0
-120.0
-108.0
-112.0
-110.0
-112.0
-130.0
-109.0
-110.0
-111.0
-124.0
-105.0
-127.0
-160.0
-123.0
-120.0
-146.0
-129.0
-161.0
-109.0
-114.0
-114.0
-112.0
-111.0
-119.0
-131.0
-120.0
-19.0
-164.0
-111.0
-113.0
-132.0
-214.0
-212.0
-124.0
-137.0
40.0
28.0
-134.0
20.0
32.0
77.0
86.0
-124.0
-111.0
-134.0
-112.0
77.0
24.0
66.0
61.0
-108.0
90.0
84.0
39.0
77.0
63.0
79.0
81.0
81.0
86.0
-109.0
90.0
90.0
75.0
88.0
90.0
59.0
90.0
90.0
88.0
90.0
90.0
90.0
-111.0
-102.0
90.0
90.0
81.0
90.0
81.0
81.0
90.0
90.0
-110.0
90.0
90.0
90.0
90.0
-124.0
90.0
90.0
-117.0
90.0
81.0
68.0
90.0
90.0
90.0
-119.0
-110.0
-138.0
-126.0
-103.0
90.0
90.0
88.0
88.0
90.0
77.0
-110.0
-107.0
88.0
-109.0
79.0
81.0
90.0
79.0
90.0
-101.0
79.0
90.0
88.0
90.0
81.0
70.0
90.0
-109.0
-112.0
90.0
81.0
81.0
88.0
90.0
90.0
-102.0
90.0
-101.0
-110.0
81.0
90.0
79.0
90.0
-120.0
-109.0
90.0
