-104.0
-105.0
-101.0
-101.0
-104.0
-143.0
-115.0
-108.0
-129.0
-127.0
-170.0
-119.0
-135.0
-111.0
-133.0
-110.0
-118.0
-101.0
-110.0
-107.0
-112.0
-115.0
-125.0
45.0
-109.0
-188.0
-169.0
-110.0
49.0
71.0
-149.0
-101.0
68.0
-91.0
86.0
-103.0
51.0
-101.0
84.0
43.0
-117.0
-123.0
-130.0
30.0
48.0
-99.0
84.0
-101.0
-1.0
-118.0
-113.0
-140.0
-175.0
60.0
-142.0
57.0
78.0
67.0
-111.0
-121.0
-160.0
88.0
64.0
69.0
60.0
64.0
57.0
-110.0
69.0
29.0
58.0
64.0
-139.0
63.0
-141.0
-122.0
81.0
79.0
36.0
78.0
-107.0
73.0
90.0
-102.0
-172.0
86.0
26.0
-145.0
70.0
79.0
-117.0
71.0
60.0
-101.0
63.0
79.0
59.0
64.0
88.0
-111.0
88.0
63.0
67.0
-101.0
-154.0
72.0
-105.0
52.0
80.0
90.0
-112.0
82.0
75.0
67.0
66.0
62.0
63.0
86.0
59.0
45.0
-165.0
-101.0
66.0
82.0
71.0
-147.0
88.0
75.0
74.0
-110.0
82.0
64.0
70.0
-118.0
82.0
-125.0
-135.0
79.0
80.0
-111.0
-123.0
88.0
88.0
-111.0
78.0
64.0
82.0
77.0
-113.0
82.0
