-101.0
-111.0
-104.0
-123.0
-134.0
-101.0
-105.0
-103.0
-128.0
-126.0
-111.0
-112.0
-107.0
-128.0
-113.0
-126.0
-111.0
-106.0
-150.0
-144.0
-162.0
-111.0
-153.0
-72.0
-110.0
-131.0
58.0
-112.0
82.0
-91.0
-103.0
90.0
84.0
79.0
90.0
39.0
88.0
-130.0
55.0
-117.0
58.0
-111.0
76.0
77.0
81.0
73.0
-140.0
86.0
73.0
-110.0
-125.0
-118.0
79.0
88.0
90.0
-119.0
31.0
90.0
88.0
90.0
81.0
90.0
-101.0
-111.0
-118.0
90.0
90.0
90.0
81.0
90.0
90.0
70.0
90.0
-116.0
-110.0
90.0
79.0
90.0
72.0
88.0
81.0
81.0
-117.0
72.0
-116.0
90.0
86.0
90.0
59.0
70.0
90.0
90.0
-116.0
81.0
90.0
-116.0
79.0
90.0
79.0
90.0
68.0
90.0
68.0
81.0
90.0
-101.0
90.0
70.0
68.0
-101.0
90.0
90.0
81.0
-110.0
90.0
90.0
77.0
-118.0
81.0
88.0
-112.0
90.0
86.0
-117.0
90.0
81.0
90.0
90.0
-125.0
-110.0
31.0
90.0
72.0
75.0
90.0
81.0
90.0
90.0
90.0
88.0
90.0
82.0
81.0
81.0
-103.0
90.0
-107.0
90.0
88.0
77.0
