-101.0
-106.0
-113.0
-101.0
-132.0
-126.0
-125.0
-121.0
-109.0
-107.0
-141.0
-110.0
-119.0
-105.0
-194.0
-121.0
-110.0
-113.0
-143.0
-126.0
-111.0
-125.0
-155.0
-107.0
-154.0
-132.0
-121.0
-139.0
-136.0
-126.0
-121.0
-130.0
-138.0
68.0
69.0
-167.0
-125.0
66.0
24.0
59.0
-165.0
68.0
-101.0
70.0
72.0
-114.0
-123.0
-12.0
72.0
-134.0
-114.0
72.0
81.0
48.0
-113.0
-110.0
-114.0
-101.0
81.0
-119.0
52.0
77.0
81.0
-110.0
70.0
81.0
72.0
72.0
81.0
88.0
81.0
81.0
-110.0
81.0
68.0
-101.0
81.0
70.0
81.0
81.0
57.0
57.0
-132.0
81.0
-110.0
81.0
-103.0
-110.0
50.0
-111.0
81.0
81.0
81.0
-110.0
81.0
-111.0
70.0
81.0
81.0
81.0
72.0
70.0
66.0
66.0
72.0
-112.0
81.0
72.0
81.0
79.0
81.0
79.0
81.0
81.0
81.0
81.0
79.0
81.0
81.0
81.0
81.0
72.0
59.0
81.0
81.0
81.0
70.0
77.0
72.0
57.0
81.0
79.0
81.0
81.0
59.0
68.0
70.0
72.0
79.0
81.0
-110.0
81.0
81.0
81.0
81.0
81.0
81.0
81.0
72.0
-150.0
