-117.0
-101.0
-101.0
-102.0
-104.0
-131.0
-131.0
-132.0
-154.0
-114.0
-131.0
-107.0
-131.0
-120.0
-103.0
70.0
-105.0
41.0
-112.0
-120.0
-112.0
-102.0
-147.0
56.0
-132.0
-134.0
-173.0
-109.0
-114.0
-153.0
-118.0
-162.0
-156.0
41.0
-162.0
65.0
69.0
32.0
-143.0
-115.0
-91.0
-102.0
-110.0
57.0
58.0
-100.0
88.0
66.0
-114.0
43.0
66.0
-112.0
47.0
-64.0
61.0
-120.0
-139.0
-113.0
-126.0
11.0
77.0
-110.0
69.0
-113.0
53.0
51.0
-121.0
-112.0
-191.0
79.0
75.0
-127.0
-101.0
-91.0
-140.0
88.0
86.0
77.0
-124.0
-123.0
66.0
31.0
84.0
-121.0
-177.0
-147.0
71.0
50.0
18.0
22.0
72.0
-111.0
77.0
64.0
41.0
56.0
-101.0
50.0
-101.0
82.0
-117.0
55.0
56.0
70.0
90.0
82.0
-132.0
-128.0
82.0
67.0
60.0
-102.0
-114.0
20.0
48.0
68.0
-110.0
65.0
45.0
-107.0
-121.0
-124.0
-135.0
47.0
23.0
90.0
-126.0
80.0
56.0
39.0
84.0
-107.0
-111.0
65.0
-123.0
-102.0
40.0
51.0
76.0
39.0
82.0
73.0
39.0
-147.0
73.0
88.0
57.0
62.0
65.0
-5.0
