-101.0
-106.0
-101.0
-105.0
-126.0
-102.0
-102.0
-126.0
-109.0
-110.0
-131.0
-200.0
-133.0
-105.0
-161.0
-113.0
52.0
-127.0
-115.0
-110.0
-110.0
-110.0
70.0
-120.0
-110.0
62.0
-110.0
75.0
-113.0
-168.0
-111.0
23.0
60.0
57.0
48.0
-122.0
-111.0
62.0
-103.0
-110.0
68.0
64.0
64.0
-112.0
28.0
68.0
70.0
61.0
-112.0
-112.0
81.0
59.0
-118.0
81.0
68.0
61.0
77.0
77.0
48.0
-111.0
70.0
-104.0
72.0
81.0
79.0
72.0
81.0
79.0
79.0
70.0
72.0
70.0
70.0
81.0
72.0
81.0
68.0
61.0
81.0
70.0
79.0
-113.0
81.0
81.0
81.0
81.0
81.0
-112.0
81.0
81.0
-121.0
-119.0
81.0
81.0
-110.0
81.0
81.0
79.0
81.0
79.0
81.0
81.0
81.0
81.0
66.0
72.0
72.0
81.0
-119.0
81.0
-111.0
81.0
81.0
72.0
70.0
70.0
81.0
66.0
81.0
70.0
81.0
81.0
70.0
70.0
57.0
79.0
72.0
-110.0
81.0
79.0
-101.0
68.0
72.0
81.0
90.0
90.0
90.0
90.0
79.0
90.0
81.0
90.0
90.0
88.0
90.0
90.0
79.0
86.0
81.0
79.0
