-102.0
-101.0
-101.0
-105.0
-104.0
-154.0
-103.0
-119.0
-129.0
-123.0
-108.0
-115.0
-142.0
-127.0
-124.0
-124.0
-124.0
-101.0
-139.0
-114.0
-123.0
-110.0
-108.0
76.0
-116.0
15.0
-106.0
62.0
-147.0
-103.0
-115.0
-110.0
80.0
-107.0
-122.0
38.0
68.0
79.0
52.0
66.0
79.0
-110.0
-107.0
86.0
-110.0
62.0
73.0
-132.0
86.0
90.0
-115.0
88.0
90.0
67.0
90.0
-101.0
90.0
90.0
90.0
90.0
88.0
-122.0
79.0
-118.0
90.0
68.0
88.0
81.0
90.0
90.0
-131.0
90.0
88.0
90.0
90.0
88.0
-102.0
90.0
79.0
90.0
-112.0
90.0
90.0
-111.0
90.0
90.0
81.0
79.0
88.0
90.0
79.0
-110.0
90.0
79.0
68.0
81.0
90.0
-110.0
79.0
88.0
73.0
90.0
90.0
90.0
77.0
81.0
-102.0
90.0
90.0
81.0
88.0
77.0
90.0
70.0
81.0
68.0
90.0
90.0
90.0
90.0
-101.0
81.0
88.0
90.0
79.0
90.0
90.0
90.0
79.0
88.0
88.0
90.0
79.0
90.0
90.0
81.0
77.0
-108.0
72.0
-118.0
-119.0
77.0
90.0
79.0
79.0
90.0
81.0
81.0
90.0
79.0
