-101.0
-105.0
-106.0
-121.0
-102.0
-102.0
-130.0
-136.0
-122.0
-103.0
84.0
-115.0
-112.0
-125.0
-132.0
-180.0
-110.0
-125.0
-126.0
-113.0
-139.0
-110.0
-150.0
-111.0
-160.0
-111.0
-130.0
-110.0
-130.0
-124.0
-108.0
27.0
-165.0
57.0
77.0
71.0
-114.0
47.0
90.0
69.0
18.0
-112.0
22.0
52.0
47.0
59.0
-101.0
29.0
57.0
79.0
66.0
90.0
81.0
88.0
90.0
37.0
90.0
90.0
-110.0
90.0
90.0
77.0
90.0
90.0
90.0
90.0
90.0
90.0
81.0
72.0
90.0
66.0
81.0
81.0
90.0
88.0
68.0
90.0
-115.0
81.0
90.0
90.0
-110.0
90.0
86.0
90.0
-102.0
90.0
90.0
90.0
79.0
90.0
88.0
-101.0
90.0
90.0
77.0
88.0
90.0
90.0
90.0
88.0
90.0
90.0
90.0
90.0
77.0
81.0
81.0
90.0
90.0
90.0
88.0
81.0
90.0
90.0
70.0
81.0
88.0
90.0
90.0
-109.0
-101.0
68.0
90.0
90.0
90.0
-102.0
-101.0
81.0
88.0
90.0
88.0
77.0
-120.0
-101.0
-103.0
90.0
79.0
88.0
75.0
90.0
90.0
90.0
-102.0
81.0
-110.0
90.0
88.0
81.0
