-105.0
-101.0
-132.0
-102.0
-104.0
-105.0
-150.0
-102.0
-120.0
-130.0
-106.0
-104.0
-122.0
-151.0
-133.0
-111.0
-129.0
-125.0
-120.0
-148.0
-108.0
-113.0
-119.0
-134.0
-132.0
-126.0
-144.0
-113.0
-135.0
-153.0
-111.0
40.0
-110.0
-129.0
86.0
-121.0
-111.0
-3.0
39.0
-27.0
-142.0
-120.0
50.0
75.0
-150.0
-167.0
61.0
53.0
-116.0
-117.0
66.0
-114.0
-110.0
81.0
64.0
26.0
58.0
-124.0
71.0
82.0
53.0
-136.0
84.0
19.0
54.0
60.0
68.0
82.0
84.0
70.0
-118.0
88.0
88.0
88.0
0.0
81.0
79.0
-133.0
88.0
-110.0
72.0
78.0
71.0
-110.0
84.0
-101.0
60.0
90.0
-118.0
-111.0
49.0
88.0
75.0
90.0
54.0
66.0
82.0
-101.0
38.0
66.0
79.0
-103.0
84.0
90.0
90.0
90.0
79.0
77.0
57.0
86.0
90.0
64.0
81.0
53.0
60.0
88.0
-119.0
90.0
81.0
-115.0
90.0
86.0
86.0
88.0
75.0
81.0
90.0
79.0
77.0
-102.0
88.0
79.0
88.0
68.0
90.0
79.0
73.0
68.0
73.0
86.0
90.0
79.0
-117.0
-101.0
90.0
73.0
81.0
79.0
90.0
81.0
