-110.0
-101.0
-101.0
-103.0
-104.0
-102.0
-114.0
-118.0
-105.0
-138.0
-110.0
-107.0
-115.0
-163.0
-141.0
-110.0
-143.0
-125.0
-126.0
69.0
71.0
-130.0
-123.0
-132.0
-114.0
-119.0
81.0
-144.0
66.0
-117.0
44.0
72.0
51.0
53.0
62.0
81.0
70.0
75.0
46.0
81.0
81.0
66.0
64.0
81.0
66.0
81.0
81.0
81.0
81.0
70.0
77.0
81.0
81.0
79.0
68.0
81.0
81.0
81.0
79.0
70.0
90.0
79.0
-110.0
79.0
79.0
90.0
88.0
88.0
-120.0
90.0
88.0
90.0
79.0
90.0
90.0
90.0
-108.0
79.0
90.0
-101.0
90.0
-110.0
-118.0
88.0
-110.0
79.0
90.0
90.0
90.0
75.0
90.0
-101.0
-109.0
-114.0
79.0
79.0
90.0
90.0
90.0
75.0
-119.0
90.0
79.0
90.0
90.0
90.0
79.0
90.0
90.0
90.0
59.0
79.0
90.0
90.0
66.0
79.0
90.0
88.0
90.0
79.0
81.0
88.0
88.0
90.0
77.0
79.0
90.0
90.0
81.0
86.0
-131.0
86.0
90.0
79.0
-110.0
90.0
-101.0
79.0
90.0
88.0
90.0
-101.0
71.0
72.0
88.0
90.0
88.0
-121.0
88.0
90.0
