-101.0
-110.0
-101.0
-101.0
-104.0
-110.0
-110.0
-103.0
-103.0
-112.0
-147.0
-139.0
-113.0
-139.0
-127.0
-119.0
-110.0
-121.0
-110.0
-142.0
65.0
-152.0
-118.0
-144.0
-102.0
-172.0
-132.0
-118.0
-127.0
-116.0
-114.0
-101.0
71.0
-92.0
-133.0
73.0
-106.0
-125.0
86.0
-105.0
86.0
17.0
57.0
54.0
75.0
-116.0
-102.0
62.0
43.0
82.0
56.0
73.0
82.0
81.0
86.0
90.0
48.0
-112.0
86.0
82.0
-118.0
79.0
69.0
-150.0
90.0
88.0
68.0
77.0
90.0
88.0
88.0
88.0
90.0
88.0
90.0
-119.0
81.0
88.0
90.0
88.0
90.0
90.0
79.0
81.0
75.0
90.0
90.0
77.0
90.0
90.0
90.0
-111.0
88.0
90.0
90.0
88.0
81.0
-117.0
79.0
90.0
-119.0
88.0
90.0
81.0
90.0
90.0
79.0
90.0
88.0
70.0
79.0
90.0
90.0
90.0
90.0
68.0
88.0
88.0
81.0
88.0
90.0
90.0
72.0
-110.0
81.0
-101.0
90.0
81.0
81.0
81.0
79.0
70.0
90.0
-112.0
90.0
90.0
79.0
90.0
90.0
-101.0
90.0
79.0
70.0
68.0
90.0
88.0
90.0
79.0
81.0
90.0
