-105.0
-101.0
-105.0
-101.0
-110.0
-101.0
-107.0
-102.0
-103.0
-112.0
-104.0
-139.0
-103.0
-169.0
-120.0
-129.0
-107.0
-109.0
-132.0
-157.0
-131.0
57.0
-128.0
-135.0
-139.0
-146.0
39.0
46.0
-132.0
-121.0
-108.0
-140.0
-144.0
23.0
50.0
-133.0
69.0
-12.0
73.0
-122.0
-135.0
70.0
73.0
-102.0
50.0
-110.0
-110.0
72.0
79.0
82.0
75.0
57.0
64.0
79.0
72.0
81.0
71.0
68.0
-149.0
57.0
-110.0
-107.0
-123.0
30.0
72.0
-110.0
86.0
-127.0
-121.0
-101.0
-102.0
53.0
54.0
88.0
90.0
-113.0
-120.0
50.0
-123.0
68.0
88.0
74.0
64.0
81.0
62.0
79.0
79.0
88.0
68.0
75.0
-125.0
-119.0
68.0
-110.0
22.0
90.0
66.0
84.0
70.0
81.0
90.0
77.0
81.0
88.0
81.0
81.0
79.0
72.0
79.0
88.0
59.0
72.0
72.0
-114.0
70.0
-144.0
81.0
72.0
90.0
-102.0
79.0
79.0
70.0
81.0
81.0
-101.0
90.0
72.0
70.0
81.0
81.0
81.0
-110.0
70.0
-123.0
55.0
-111.0
79.0
81.0
79.0
81.0
81.0
81.0
79.0
81.0
70.0
79.0
70.0
-123.0
72.0
