-103.0
-109.0
-101.0
-114.0
-104.0
-137.0
-111.0
-110.0
-108.0
-158.0
-101.0
-128.0
-106.0
-104.0
-148.0
-140.0
-135.0
-111.0
-167.0
-106.0
-110.0
-135.0
-152.0
-108.0
-164.0
-175.0
64.0
-108.0
82.0
48.0
-193.0
-113.0
-110.0
-101.0
-111.0
22.0
-81.0
60.0
51.0
-139.0
-131.0
-117.0
-123.0
82.0
-158.0
73.0
-110.0
-102.0
42.0
-101.0
-151.0
27.0
73.0
-114.0
-72.0
71.0
23.0
-107.0
-104.0
-133.0
68.0
88.0
-146.0
63.0
10.0
49.0
64.0
72.0
70.0
84.0
58.0
-123.0
90.0
76.0
82.0
34.0
-110.0
45.0
40.0
78.0
75.0
86.0
84.0
65.0
62.0
88.0
86.0
64.0
-110.0
62.0
86.0
76.0
84.0
66.0
-110.0
73.0
49.0
76.0
27.0
71.0
90.0
-112.0
79.0
75.0
86.0
90.0
84.0
88.0
-141.0
-102.0
-115.0
-104.0
71.0
75.0
70.0
-125.0
71.0
62.0
84.0
86.0
-112.0
88.0
-108.0
56.0
86.0
77.0
60.0
88.0
86.0
73.0
88.0
79.0
81.0
66.0
75.0
88.0
82.0
75.0
-102.0
71.0
-140.0
88.0
88.0
-112.0
86.0
-110.0
90.0
-122.0
79.0
-114.0
