-101.0
-101.0
-104.0
-102.0
-106.0
-121.0
-106.0
-103.0
-150.0
-107.0
-128.0
-115.0
-159.0
-119.0
-116.0
-135.0
-125.0
-112.0
-101.0
-137.0
-110.0
-149.0
-116.0
-113.0
-129.0
-167.0
-109.0
69.0
29.0
-157.0
48.0
-101.0
61.0
-122.0
-105.0
-65.0
-9.0
-106.0
46.0
82.0
-152.0
-124.0
50.0
-137.0
60.0
47.0
-101.0
-145.0
-106.0
-102.0
-112.0
65.0
-132.0
-108.0
80.0
-157.0
48.0
31.0
-166.0
-108.0
66.0
-178.0
26.0
58.0
-7.0
51.0
70.0
-101.0
-126.0
-125.0
68.0
77.0
62.0
42.0
64.0
82.0
-119.0
51.0
79.0
-122.0
-130.0
88.0
67.0
10.0
55.0
-107.0
-136.0
82.0
67.0
-149.0
54.0
86.0
77.0
66.0
-104.0
-132.0
-142.0
30.0
56.0
75.0
-110.0
76.0
73.0
53.0
41.0
86.0
57.0
77.0
68.0
43.0
77.0
86.0
-128.0
70.0
71.0
40.0
-110.0
78.0
81.0
73.0
81.0
57.0
-122.0
75.0
49.0
88.0
82.0
-110.0
75.0
75.0
82.0
-112.0
34.0
90.0
68.0
70.0
74.0
61.0
71.0
81.0
-134.0
77.0
62.0
84.0
86.0
-120.0
52.0
66.0
90.0
-114.0
