-101.0
-101.0
-102.0
-102.0
65.0
-103.0
-114.0
-128.0
-126.0
-114.0
-154.0
-117.0
-110.0
-110.0
-110.0
-153.0
-106.0
-111.0
-109.0
-117.0
-113.0
-162.0
-171.0
-102.0
79.0
-125.0
-108.0
-129.0
69.0
64.0
-20.0
17.0
-111.0
68.0
-113.0
63.0
-135.0
75.0
-111.0
72.0
22.0
70.0
-123.0
72.0
26.0
59.0
-105.0
-139.0
77.0
77.0
-134.0
-125.0
81.0
46.0
81.0
81.0
81.0
90.0
-139.0
81.0
81.0
90.0
79.0
90.0
57.0
-111.0
90.0
59.0
90.0
79.0
-111.0
90.0
90.0
81.0
81.0
90.0
90.0
81.0
79.0
90.0
90.0
88.0
90.0
90.0
70.0
64.0
-109.0
81.0
90.0
90.0
90.0
79.0
77.0
90.0
59.0
90.0
79.0
68.0
90.0
90.0
90.0
79.0
90.0
90.0
70.0
90.0
84.0
81.0
81.0
63.0
90.0
90.0
90.0
70.0
90.0
90.0
-112.0
90.0
79.0
88.0
77.0
-101.0
-124.0
81.0
-112.0
90.0
81.0
-113.0
70.0
90.0
90.0
79.0
81.0
88.0
88.0
-103.0
90.0
81.0
90.0
90.0
90.0
-101.0
79.0
59.0
70.0
90.0
81.0
79.0
-111.0
90.0
