-110.0
-103.0
-103.0
-101.0
-102.0
-102.0
-101.0
-137.0
-102.0
-105.0
-150.0
-108.0
-162.0
-128.0
-120.0
-111.0
-122.0
-140.0
-112.0
-118.0
-145.0
-114.0
-156.0
-114.0
-117.0
-142.0
-130.0
-142.0
49.0
-140.0
-152.0
72.0
-125.0
24.0
58.0
35.0
51.0
28.0
-110.0
-122.0
-131.0
75.0
62.0
-118.0
-116.0
-111.0
-161.0
56.0
-118.0
60.0
82.0
-177.0
57.0
86.0
60.0
71.0
71.0
90.0
80.0
79.0
-105.0
79.0
90.0
78.0
86.0
81.0
47.0
-167.0
56.0
-110.0
88.0
-116.0
66.0
82.0
-117.0
-105.0
75.0
73.0
72.0
73.0
88.0
86.0
-101.0
68.0
51.0
82.0
84.0
88.0
79.0
-137.0
90.0
79.0
88.0
-111.0
86.0
90.0
90.0
86.0
79.0
79.0
-112.0
62.0
82.0
81.0
82.0
90.0
90.0
90.0
90.0
90.0
88.0
-114.0
55.0
81.0
-110.0
77.0
77.0
90.0
68.0
-112.0
90.0
70.0
88.0
90.0
88.0
90.0
90.0
88.0
90.0
81.0
-126.0
88.0
90.0
-103.0
88.0
90.0
84.0
79.0
90.0
90.0
90.0
90.0
79.0
90.0
90.0
90.0
81.0
88.0
79.0
90.0
