-101.0
-101.0
-104.0
-114.0
-102.0
-122.0
-116.0
-130.0
-112.0
-125.0
-241.0
-129.0
-112.0
-101.0
-115.0
-110.0
-137.0
-123.0
-120.0
-102.0
-101.0
-122.0
-169.0
-132.0
-110.0
-114.0
-161.0
-125.0
-110.0
-194.0
-107.0
-101.0
-102.0
-103.0
-102.0
-130.0
-114.0
-103.0
-111.0
-131.0
-102.0
-111.0
-133.0
-164.0
-101.0
-102.0
-143.0
-189.0
-129.0
-147.0
-114.0
-120.0
-136.0
-104.0
-122.0
-101.0
-170.0
43.0
-101.0
-101.0
-112.0
-196.0
-112.0
-113.0
50.0
-143.0
-188.0
-115.0
-179.0
-149.0
-118.0
-110.0
41.0
-101.0
-181.0
-101.0
-117.0
-164.0
-113.0
-104.0
-110.0
-105.0
-101.0
-129.0
-141.0
-112.0
-113.0
-185.0
-113.0
-101.0
-139.0
-158.0
-109.0
-143.0
-125.0
-111.0
-127.0
70.0
-222.0
-166.0
75.0
17.0
-179.0
-101.0
-157.0
-110.0
-112.0
-119.0
-130.0
-201.0
2.0
-198.0
-145.0
-115.0
57.0
-114.0
71.0
-122.0
-110.0
-101.0
-123.0
-101.0
-143.0
-130.0
-103.0
-158.0
-114.0
27.0
-144.0
-139.0
-103.0
-101.0
-113.0
-182.0
-146.0
-161.0
68.0
-187.0
-154.0
88.0
-113.0
78.0
-110.0
-103.0
-222.0
-199.0
-120.0
-112.0
-112.0
-152.0
