-155.0
-101.0
-101.0
-112.0
-102.0
-101.0
-105.0
-131.0
-102.0
-141.0
-123.0
-111.0
-129.0
-111.0
-103.0
-101.0
-121.0
-116.0
-104.0
-119.0
-121.0
-108.0
-108.0
-141.0
-182.0
-117.0
-103.0
-125.0
-104.0
-114.0
-123.0
-116.0
-158.0
-116.0
-182.0
-111.0
-120.0
-141.0
-137.0
27.0
-147.0
-102.0
-156.0
-143.0
-111.0
-146.0
-101.0
-167.0
20.0
-101.0
5.0
33.0
-129.0
-110.0
-102.0
-152.0
-133.0
-101.0
-127.0
-112.0
-2.0
-126.0
18.0
-146.0
-110.0
-132.0
90.0
48.0
-135.0
40.0
38.0
-101.0
81.0
-110.0
79.0
-101.0
52.0
-121.0
86.0
-118.0
-111.0
-126.0
79.0
50.0
-133.0
66.0
79.0
-152.0
68.0
70.0
75.0
68.0
-102.0
24.0
-3.0
-142.0
-102.0
62.0
-120.0
90.0
-120.0
90.0
-142.0
-110.0
81.0
68.0
90.0
61.0
90.0
66.0
61.0
57.0
-101.0
61.0
57.0
-162.0
59.0
-111.0
81.0
88.0
-108.0
39.0
-120.0
57.0
55.0
-136.0
-7.0
77.0
48.0
-102.0
-122.0
70.0
-101.0
79.0
-126.0
90.0
-102.0
-108.0
55.0
-121.0
41.0
90.0
-128.0
-118.0
-101.0
81.0
59.0
72.0
-137.0
68.0
