-101.0
-120.0
-103.0
-115.0
-104.0
-101.0
-103.0
-128.0
-101.0
-102.0
-110.0
-135.0
-131.0
-150.0
-126.0
-110.0
-130.0
-117.0
-111.0
-122.0
-138.0
-112.0
-112.0
-116.0
-191.0
-105.0
-101.0
-151.0
-101.0
-146.0
-119.0
-123.0
-147.0
-145.0
-114.0
-137.0
-101.0
-103.0
-110.0
-196.0
-101.0
-105.0
-168.0
-139.0
-208.0
-102.0
-151.0
-111.0
-113.0
-105.0
-127.0
-111.0
-119.0
-181.0
-178.0
-103.0
-263.0
-114.0
46.0
-104.0
-110.0
-169.0
-109.0
-194.0
13.0
79.0
61.0
-127.0
-167.0
-149.0
-110.0
22.0
-102.0
-117.0
-122.0
-101.0
73.0
-102.0
-114.0
-137.0
-110.0
0.0
0.0
-110.0
-110.0
-115.0
-104.0
-111.0
-202.0
-114.0
-176.0
90.0
-115.0
-101.0
-113.0
-105.0
-101.0
-105.0
-101.0
-122.0
-33.0
-155.0
-101.0
-137.0
-160.0
-102.0
-137.0
68.0
-163.0
-107.0
46.0
53.0
-110.0
-119.0
73.0
-176.0
-128.0
39.0
64.0
68.0
-133.0
-110.0
-128.0
-111.0
-156.0
60.0
-180.0
-110.0
-151.0
-110.0
-111.0
-106.0
64.0
21.0
-110.0
64.0
-101.0
69.0
-101.0
-110.0
80.0
-101.0
-112.0
49.0
41.0
56.0
-110.0
-121.0
-186.0
-110.0
