-101.0
-110.0
-101.0
-111.0
-104.0
-103.0
-108.0
-106.0
-224.0
-123.0
-116.0
-106.0
-140.0
44.0
-142.0
-126.0
-116.0
-152.0
-101.0
-117.0
-105.0
-162.0
-111.0
-120.0
-111.0
-114.0
-159.0
-176.0
-118.0
-126.0
-110.0
-104.0
-121.0
-111.0
-173.0
-110.0
-115.0
-112.0
-111.0
-184.0
-110.0
-132.0
-112.0
71.0
-111.0
-132.0
-4.0
-301.0
-119.0
-124.0
-116.0
-52.0
-110.0
-117.0
-114.0
-153.0
-107.0
-110.0
-110.0
-137.0
-110.0
-236.0
-103.0
-32.0
-110.0
55.0
-128.0
-101.0
-166.0
6.0
-119.0
54.0
-102.0
-131.0
67.0
-177.0
-145.0
-110.0
-101.0
-112.0
-134.0
65.0
-142.0
81.0
-142.0
-110.0
-143.0
-122.0
-112.0
-101.0
6.0
66.0
-110.0
-111.0
-13.0
-110.0
-138.0
-119.0
82.0
-184.0
64.0
49.0
-131.0
69.0
-101.0
-110.0
-114.0
77.0
-110.0
41.0
-153.0
-145.0
-134.0
-139.0
40.0
-110.0
68.0
53.0
-155.0
-113.0
59.0
60.0
61.0
-159.0
-102.0
-137.0
-110.0
-115.0
-110.0
-156.0
-103.0
-121.0
-110.0
51.0
81.0
51.0
-105.0
-127.0
46.0
75.0
-101.0
-153.0
59.0
-118.0
-122.0
55.0
-132.0
68.0
-120.0
-110.0
