-101.0
-102.0
-101.0
-101.0
-102.0
-112.0
-136.0
-151.0
-102.0
-108.0
-137.0
-120.0
-103.0
-140.0
-154.0
-112.0
-176.0
-101.0
-142.0
-136.0
-123.0
-125.0
-101.0
-118.0
-112.0
55.0
-147.0
-125.0
-132.0
-112.0
-101.0
-103.0
72.0
-113.0
-110.0
-102.0
-101.0
-137.0
-101.0
-174.0
-122.0
-102.0
-110.0
-109.0
-120.0
53.0
-110.0
-101.0
-130.0
75.0
-127.0
-119.0
-128.0
-101.0
-108.0
24.0
40.0
-106.0
88.0
68.0
-102.0
-192.0
70.0
-123.0
-112.0
81.0
62.0
-103.0
57.0
-112.0
-127.0
66.0
48.0
26.0
-125.0
81.0
68.0
-145.0
44.0
70.0
68.0
79.0
30.0
77.0
90.0
61.0
68.0
90.0
71.0
-115.0
-102.0
79.0
49.0
-110.0
-110.0
-110.0
88.0
90.0
59.0
-111.0
72.0
72.0
86.0
-110.0
-111.0
90.0
79.0
46.0
70.0
-111.0
32.0
50.0
88.0
-111.0
-113.0
64.0
64.0
77.0
-101.0
88.0
39.0
79.0
53.0
51.0
-102.0
46.0
81.0
90.0
-110.0
-128.0
77.0
-111.0
-111.0
81.0
-101.0
35.0
-111.0
90.0
86.0
-110.0
-137.0
-121.0
77.0
57.0
51.0
33.0
26.0
-134.0
-121.0
88.0
