-110.0
-101.0
-126.0
-105.0
-102.0
-113.0
-122.0
-115.0
-143.0
-118.0
-113.0
-103.0
-140.0
-150.0
-124.0
-110.0
-127.0
-155.0
-116.0
-181.0
-112.0
69.0
-104.0
-101.0
-126.0
-103.0
-111.0
-137.0
-101.0
-110.0
-102.0
79.0
-116.0
-110.0
-113.0
-116.0
-110.0
-114.0
6.0
-121.0
66.0
-117.0
-112.0
-102.0
-102.0
-180.0
-106.0
67.0
-143.0
-110.0
-114.0
-101.0
-113.0
-135.0
-110.0
-102.0
-110.0
-102.0
-113.0
68.0
60.0
-146.0
48.0
-120.0
-115.0
68.0
-122.0
-117.0
-128.0
-139.0
75.0
-116.0
68.0
66.0
-154.0
-115.0
-113.0
-111.0
-111.0
-124.0
59.0
75.0
-103.0
-101.0
-170.0
52.0
-155.0
-117.0
66.0
-110.0
88.0
-102.0
-126.0
77.0
88.0
73.0
81.0
81.0
66.0
70.0
70.0
49.0
50.0
-103.0
-103.0
-128.0
-101.0
81.0
-102.0
48.0
-110.0
77.0
90.0
51.0
-101.0
81.0
59.0
59.0
15.0
79.0
-122.0
72.0
90.0
72.0
70.0
-101.0
79.0
81.0
79.0
-101.0
79.0
90.0
-101.0
37.0
-101.0
-106.0
-123.0
55.0
88.0
86.0
59.0
86.0
-110.0
-102.0
68.0
70.0
-141.0
62.0
81.0
81.0
