-101.0
-101.0
-113.0
-102.0
-115.0
-139.0
-103.0
-110.0
-167.0
-112.0
-111.0
-115.0
-113.0
-120.0
-184.0
-116.0
-147.0
-114.0
-128.0
-139.0
-110.0
-176.0
-102.0
-145.0
-123.0
-155.0
-107.0
-104.0
-110.0
-151.0
-110.0
-188.0
-136.0
-169.0
-112.0
-108.0
-147.0
-112.0
-110.0
-154.0
-110.0
-110.0
-157.0
-176.0
-102.0
-101.0
-166.0
-138.0
-164.0
-163.0
-224.0
-120.0
-163.0
-112.0
-121.0
-101.0
49.0
51.0
-119.0
-127.0
-105.0
-110.0
-113.0
-215.0
-111.0
-140.0
-149.0
36.0
43.0
-110.0
-102.0
-135.0
46.0
-112.0
-101.0
64.0
-113.0
44.0
-103.0
-101.0
-162.0
-110.0
-184.0
-151.0
-161.0
-122.0
-143.0
-109.0
-157.0
-149.0
-101.0
57.0
-144.0
-158.0
69.0
-150.0
25.0
-129.0
82.0
75.0
-7.0
-173.0
-101.0
-110.0
88.0
77.0
46.0
-105.0
-101.0
-110.0
45.0
69.0
-116.0
-134.0
-110.0
-101.0
-101.0
51.0
-124.0
-121.0
-123.0
77.0
-102.0
-110.0
-130.0
-115.0
1.0
-111.0
-110.0
-102.0
-123.0
-132.0
-148.0
-173.0
-102.0
35.0
73.0
-123.0
64.0
66.0
49.0
-110.0
-119.0
-110.0
75.0
38.0
-110.0
-107.0
-129.0
-101.0
