-112.0
-101.0
-114.0
-108.0
-144.0
-110.0
-115.0
-102.0
-121.0
-101.0
-116.0
-125.0
-103.0
-212.0
-101.0
-106.0
-123.0
-214.0
-112.0
-114.0
-111.0
-127.0
-127.0
-120.0
-103.0
-126.0
-101.0
-135.0
-151.0
-149.0
-128.0
-111.0
-108.0
-149.0
-185.0
-101.0
-186.0
-110.0
-161.0
47.0
-148.0
-113.0
44.0
-141.0
-110.0
86.0
44.0
-4.0
-101.0
-113.0
50.0
-104.0
68.0
-128.0
-113.0
-187.0
-133.0
-141.0
-149.0
79.0
-187.0
72.0
81.0
77.0
46.0
-101.0
57.0
-143.0
-125.0
90.0
39.0
-163.0
57.0
-143.0
81.0
57.0
-133.0
-101.0
81.0
-111.0
-105.0
-110.0
-110.0
-128.0
90.0
81.0
90.0
-110.0
-143.0
77.0
-101.0
-110.0
-131.0
70.0
-110.0
-121.0
-110.0
-110.0
70.0
-127.0
64.0
-108.0
-109.0
-101.0
-115.0
81.0
55.0
79.0
79.0
-125.0
-101.0
70.0
66.0
-152.0
-145.0
90.0
77.0
70.0
-123.0
90.0
81.0
75.0
70.0
86.0
-141.0
-111.0
79.0
64.0
66.0
-102.0
29.0
90.0
33.0
-152.0
81.0
79.0
-119.0
-150.0
61.0
86.0
-110.0
70.0
-112.0
-139.0
70.0
81.0
-139.0
-111.0
75.0
-121.0
