-101.0
-101.0
-107.0
-135.0
-113.0
-135.0
-102.0
-110.0
-262.0
-120.0
-139.0
-123.0
-130.0
-110.0
-105.0
-107.0
-110.0
-104.0
-189.0
-105.0
-107.0
-136.0
-102.0
-124.0
-119.0
-111.0
-117.0
-103.0
-196.0
-102.0
-123.0
-101.0
-108.0
-175.0
-112.0
-113.0
-108.0
-128.0
-133.0
-111.0
81.0
-112.0
-133.0
-134.0
-110.0
-110.0
-163.0
-179.0
-101.0
-148.0
-159.0
-110.0
-107.0
-133.0
-104.0
-147.0
-139.0
-103.0
-224.0
-112.0
-147.0
-110.0
60.0
-162.0
-150.0
-154.0
-183.0
-101.0
-138.0
-124.0
-123.0
-113.0
-110.0
-219.0
-3.0
-128.0
-139.0
-106.0
-113.0
-134.0
-166.0
-125.0
-141.0
-117.0
21.0
57.0
-129.0
-102.0
11.0
-117.0
-196.0
-101.0
-125.0
-148.0
-240.0
73.0
-134.0
-162.0
-102.0
-124.0
-103.0
-157.0
-101.0
60.0
-157.0
-110.0
34.0
-101.0
-110.0
-101.0
-102.0
-152.0
-118.0
-112.0
-117.0
-110.0
-223.0
-111.0
-168.0
-172.0
-110.0
-123.0
51.0
-145.0
-150.0
53.0
46.0
-101.0
75.0
-140.0
-123.0
-117.0
44.0
-149.0
-111.0
3.0
-111.0
52.0
-101.0
-114.0
-107.0
-110.0
-23.0
-150.0
-111.0
86.0
-129.0
84.0
-110.0
-106.0
