-106.0
-103.0
-101.0
-104.0
-122.0
-103.0
-146.0
-101.0
-102.0
-159.0
-132.0
-129.0
-134.0
-130.0
-163.0
62.0
-112.0
-110.0
-115.0
-101.0
-121.0
-122.0
-121.0
-160.0
-134.0
-129.0
-104.0
-127.0
-116.0
-131.0
-110.0
-161.0
-126.0
-113.0
-127.0
-119.0
-110.0
-111.0
-134.0
-168.0
-103.0
-102.0
-108.0
-131.0
-133.0
35.0
-107.0
-125.0
-101.0
-161.0
-135.0
-119.0
57.0
-155.0
86.0
14.0
-185.0
-166.0
-105.0
-141.0
-114.0
-124.0
90.0
-157.0
64.0
-180.0
-178.0
-110.0
-151.0
-110.0
66.0
-102.0
28.0
-167.0
51.0
-110.0
-103.0
-124.0
48.0
79.0
-114.0
-101.0
26.0
84.0
-113.0
50.0
-149.0
46.0
61.0
-155.0
26.0
-147.0
59.0
52.0
-110.0
-111.0
72.0
52.0
-111.0
72.0
-159.0
-110.0
-150.0
-155.0
-111.0
-123.0
-110.0
57.0
-110.0
63.0
-137.0
81.0
72.0
61.0
54.0
-159.0
72.0
72.0
30.0
72.0
26.0
-137.0
-101.0
61.0
41.0
72.0
61.0
-161.0
32.0
28.0
72.0
72.0
70.0
70.0
-101.0
-167.0
61.0
-184.0
63.0
72.0
-123.0
41.0
-101.0
72.0
-111.0
-101.0
32.0
-110.0
-179.0
-146.0
