-115.0
-111.0
-114.0
-101.0
-111.0
-111.0
-103.0
-102.0
-113.0
-108.0
-168.0
-102.0
-112.0
-110.0
-105.0
-131.0
-177.0
-101.0
-160.0
-110.0
-185.0
-135.0
-101.0
-120.0
-128.0
-101.0
-160.0
-104.0
-122.0
-112.0
-133.0
-214.0
-108.0
77.0
-105.0
-115.0
-114.0
-112.0
79.0
-124.0
-105.0
-175.0
46.0
-111.0
-103.0
-110.0
-106.0
-135.0
-102.0
44.0
-115.0
-140.0
69.0
7.0
-122.0
66.0
-122.0
81.0
-132.0
73.0
90.0
-101.0
-104.0
-103.0
-111.0
-110.0
48.0
-111.0
52.0
40.0
-121.0
77.0
-112.0
-112.0
-134.0
56.0
-119.0
79.0
46.0
-114.0
81.0
11.0
-118.0
-131.0
88.0
81.0
88.0
-101.0
86.0
-110.0
90.0
52.0
-120.0
-121.0
-145.0
-102.0
55.0
48.0
-111.0
61.0
-112.0
43.0
79.0
50.0
81.0
90.0
68.0
70.0
-101.0
-120.0
68.0
-111.0
-152.0
-111.0
79.0
59.0
-110.0
90.0
79.0
-127.0
48.0
66.0
-110.0
70.0
90.0
-128.0
82.0
-112.0
79.0
59.0
-110.0
-104.0
35.0
-118.0
-110.0
-103.0
59.0
50.0
-112.0
48.0
-112.0
77.0
79.0
90.0
-110.0
90.0
-116.0
66.0
37.0
-125.0
