-106.0
-101.0
-101.0
-125.0
-128.0
-101.0
-102.0
-116.0
-120.0
-127.0
-147.0
-101.0
-102.0
-115.0
-111.0
-111.0
-110.0
-101.0
-116.0
-150.0
-106.0
-101.0
-101.0
-112.0
-110.0
46.0
-129.0
-119.0
33.0
-101.0
-244.0
-172.0
-146.0
-117.0
-119.0
-101.0
-103.0
-120.0
-215.0
-171.0
-116.0
-112.0
-138.0
-136.0
-146.0
-114.0
17.0
-110.0
-144.0
57.0
-110.0
62.0
-110.0
-102.0
-102.0
-157.0
-101.0
-101.0
-120.0
-101.0
57.0
-101.0
31.0
66.0
-175.0
-206.0
-121.0
79.0
73.0
-110.0
-135.0
-101.0
38.0
-116.0
-138.0
-151.0
-135.0
82.0
-123.0
-137.0
-112.0
-114.0
69.0
68.0
-101.0
-113.0
64.0
-111.0
66.0
-101.0
53.0
81.0
-121.0
-154.0
-101.0
-132.0
-138.0
-106.0
70.0
-153.0
-103.0
86.0
-101.0
-118.0
-117.0
-121.0
81.0
-123.0
-162.0
-101.0
77.0
-104.0
-113.0
-110.0
-110.0
-176.0
75.0
-112.0
79.0
52.0
-143.0
88.0
75.0
81.0
81.0
-111.0
-102.0
88.0
70.0
-103.0
-136.0
-113.0
90.0
88.0
-101.0
-101.0
-132.0
-109.0
43.0
90.0
-101.0
50.0
84.0
77.0
79.0
-122.0
70.0
-101.0
-110.0
-104.0
