-112.0
-110.0
-102.0
-101.0
-101.0
-117.0
-155.0
-111.0
-104.0
-110.0
-112.0
-148.0
-106.0
-109.0
-155.0
-101.0
-101.0
-125.0
-144.0
-110.0
-134.0
-140.0
-114.0
-184.0
-132.0
-112.0
-126.0
-108.0
-148.0
-148.0
-106.0
-124.0
-108.0
-104.0
-137.0
-101.0
-164.0
-101.0
-303.0
-138.0
-110.0
-123.0
-114.0
-111.0
-180.0
21.0
-101.0
-128.0
-141.0
-157.0
-101.0
-196.0
-140.0
79.0
-149.0
48.0
20.0
62.0
-164.0
-123.0
-106.0
-154.0
68.0
-148.0
-137.0
-151.0
-157.0
-120.0
77.0
46.0
-101.0
88.0
35.0
-146.0
-102.0
-101.0
-110.0
-101.0
35.0
77.0
-129.0
-7.0
-111.0
-101.0
59.0
-103.0
41.0
-110.0
90.0
-101.0
52.0
59.0
73.0
57.0
-110.0
-111.0
-113.0
-164.0
59.0
48.0
-110.0
79.0
-112.0
-110.0
-101.0
72.0
61.0
70.0
59.0
66.0
-138.0
68.0
-105.0
90.0
59.0
55.0
57.0
79.0
-111.0
68.0
64.0
90.0
63.0
-139.0
-102.0
50.0
49.0
70.0
50.0
90.0
-110.0
79.0
81.0
-105.0
70.0
70.0
88.0
68.0
61.0
81.0
68.0
-131.0
86.0
79.0
26.0
70.0
90.0
90.0
79.0
81.0
