-102.0
-101.0
-101.0
-169.0
-103.0
-122.0
-111.0
-102.0
-110.0
-122.0
-122.0
-130.0
-165.0
-101.0
-111.0
-146.0
-128.0
-108.0
-118.0
-172.0
-103.0
-101.0
-117.0
-101.0
-132.0
-112.0
-101.0
-106.0
-141.0
-115.0
-107.0
-162.0
-114.0
-101.0
-102.0
-165.0
-115.0
-130.0
-117.0
-149.0
-150.0
-111.0
-133.0
-142.0
43.0
60.0
-110.0
-14.0
-110.0
14.0
-126.0
-122.0
3.0
64.0
-101.0
-126.0
86.0
-141.0
73.0
-103.0
-101.0
35.0
81.0
90.0
75.0
68.0
35.0
88.0
50.0
60.0
-174.0
-147.0
62.0
81.0
90.0
-110.0
90.0
68.0
-111.0
70.0
79.0
75.0
86.0
68.0
52.0
-101.0
66.0
43.0
-101.0
88.0
90.0
-119.0
59.0
44.0
-101.0
-110.0
-110.0
-101.0
55.0
-101.0
-154.0
61.0
62.0
-120.0
75.0
-169.0
46.0
-123.0
72.0
48.0
66.0
66.0
-133.0
88.0
53.0
-121.0
42.0
-130.0
68.0
88.0
52.0
68.0
88.0
90.0
-111.0
77.0
57.0
-110.0
66.0
77.0
59.0
-110.0
-122.0
79.0
26.0
-133.0
86.0
90.0
50.0
81.0
61.0
79.0
70.0
48.0
75.0
72.0
59.0
90.0
-124.0
-111.0
