-103.0
-101.0
-104.0
-111.0
-125.0
-108.0
-103.0
-129.0
-113.0
-163.0
-112.0
-107.0
-123.0
-115.0
-195.0
-115.0
-113.0
-104.0
-115.0
-114.0
-112.0
-101.0
-110.0
-101.0
-129.0
-114.0
-149.0
-102.0
-106.0
-205.0
-154.0
-143.0
-111.0
-155.0
-130.0
-153.0
-172.0
-141.0
-192.0
-105.0
-113.0
-125.0
-110.0
-155.0
-101.0
-110.0
-102.0
-156.0
-118.0
-101.0
-133.0
-152.0
-106.0
-117.0
-198.0
-116.0
-161.0
-132.0
-134.0
-181.0
-111.0
-137.0
-131.0
-114.0
-246.0
-101.0
-137.0
-103.0
-102.0
86.0
-111.0
-110.0
-134.0
-170.0
-101.0
-110.0
-114.0
-146.0
-106.0
5.0
-106.0
-103.0
-176.0
45.0
-104.0
-103.0
-145.0
-120.0
-114.0
-132.0
-138.0
61.0
-129.0
-101.0
66.0
-120.0
-119.0
-102.0
32.0
-110.0
-104.0
-154.0
88.0
55.0
73.0
-111.0
-111.0
40.0
-35.0
-148.0
-123.0
75.0
-112.0
-101.0
-102.0
66.0
-112.0
44.0
27.0
-111.0
-110.0
-101.0
31.0
-113.0
-110.0
32.0
-101.0
64.0
64.0
71.0
-116.0
-103.0
-135.0
70.0
-136.0
64.0
-124.0
48.0
66.0
90.0
-123.0
-121.0
50.0
79.0
-114.0
79.0
-101.0
77.0
81.0
-114.0
