-101.0
-165.0
-102.0
-101.0
-110.0
-110.0
-104.0
-105.0
-132.0
-113.0
-106.0
-110.0
-141.0
-157.0
-185.0
-139.0
-110.0
-160.0
-110.0
-107.0
-213.0
42.0
-110.0
-128.0
49.0
-113.0
-116.0
-110.0
-110.0
-124.0
-183.0
-116.0
-126.0
-146.0
-229.0
-102.0
-135.0
-129.0
-102.0
-117.0
-115.0
-126.0
-135.0
-104.0
-121.0
-126.0
-115.0
64.0
-148.0
36.0
-102.0
62.0
49.0
90.0
70.0
88.0
-112.0
-135.0
-147.0
90.0
-110.0
-103.0
52.0
68.0
75.0
88.0
-130.0
-129.0
68.0
-103.0
90.0
-128.0
-121.0
61.0
-127.0
79.0
-101.0
-113.0
90.0
43.0
-138.0
37.0
79.0
-119.0
-111.0
31.0
-102.0
-149.0
61.0
61.0
-101.0
70.0
46.0
81.0
-101.0
72.0
-136.0
-110.0
88.0
-149.0
61.0
-127.0
90.0
-110.0
77.0
79.0
-112.0
-114.0
90.0
72.0
-118.0
-123.0
-112.0
70.0
90.0
70.0
55.0
28.0
-112.0
90.0
-117.0
81.0
79.0
90.0
-110.0
-101.0
79.0
-117.0
-120.0
-101.0
-110.0
-112.0
-110.0
-102.0
81.0
-152.0
54.0
-112.0
88.0
15.0
-110.0
81.0
-131.0
72.0
70.0
-130.0
90.0
-136.0
-110.0
79.0
