-104.0
-142.0
-101.0
-101.0
-138.0
-110.0
-104.0
-122.0
-141.0
-167.0
-111.0
-107.0
-101.0
-119.0
-155.0
-101.0
-119.0
-103.0
-106.0
-130.0
-129.0
-114.0
-115.0
-154.0
-101.0
-101.0
-126.0
-195.0
-142.0
-128.0
-159.0
-130.0
-156.0
-101.0
-204.0
-127.0
-120.0
28.0
-127.0
-169.0
-136.0
-145.0
-134.0
-101.0
-197.0
-103.0
-125.0
-116.0
-122.0
-153.0
75.0
-125.0
-130.0
-107.0
-118.0
66.0
-109.0
-146.0
-50.0
-101.0
-143.0
43.0
37.0
-111.0
-128.0
-102.0
-109.0
63.0
-118.0
-105.0
-142.0
-129.0
-159.0
-175.0
44.0
9.0
-112.0
53.0
-173.0
-101.0
-166.0
-106.0
-111.0
43.0
-159.0
-110.0
-131.0
36.0
-136.0
31.0
3.0
-104.0
-179.0
-197.0
59.0
18.0
-105.0
-125.0
-101.0
-101.0
-121.0
-112.0
-101.0
-163.0
-110.0
-111.0
-136.0
-128.0
-139.0
-146.0
69.0
-150.0
-170.0
-121.0
38.0
75.0
43.0
64.0
-152.0
81.0
-113.0
58.0
-130.0
-110.0
-108.0
-108.0
-120.0
-192.0
-150.0
-175.0
69.0
-136.0
-117.0
-101.0
-113.0
-102.0
-102.0
-102.0
-131.0
-127.0
-121.0
-202.0
54.0
-119.0
40.0
-105.0
-142.0
-166.0
17.0
-101.0
