-101.0
-101.0
-135.0
-135.0
-123.0
-102.0
-103.0
-101.0
-115.0
-132.0
-110.0
-156.0
-128.0
-110.0
-101.0
-106.0
-151.0
-162.0
-110.0
-189.0
-106.0
-132.0
-110.0
-169.0
-120.0
-165.0
-101.0
-127.0
-125.0
-101.0
-138.0
-210.0
-127.0
-136.0
-110.0
-101.0
-173.0
-139.0
22.0
-146.0
-132.0
-112.0
-129.0
-132.0
-102.0
-145.0
-102.0
-176.0
-118.0
-146.0
-127.0
-103.0
-131.0
-104.0
-110.0
-110.0
-112.0
70.0
62.0
-121.0
0.0
-205.0
-101.0
-145.0
-124.0
-101.0
79.0
-103.0
-111.0
-101.0
57.0
-104.0
-107.0
-110.0
-182.0
-113.0
-110.0
-102.0
64.0
-115.0
82.0
-129.0
-135.0
41.0
88.0
37.0
-127.0
-110.0
63.0
-133.0
-110.0
-112.0
81.0
-141.0
90.0
-119.0
-117.0
-103.0
-134.0
-130.0
-128.0
-1.0
61.0
21.0
-113.0
50.0
90.0
50.0
59.0
79.0
68.0
-119.0
61.0
49.0
-125.0
90.0
-145.0
52.0
28.0
-118.0
-168.0
81.0
-118.0
25.0
61.0
-110.0
-110.0
68.0
55.0
-111.0
-101.0
-101.0
68.0
-173.0
-101.0
88.0
-129.0
61.0
-101.0
-110.0
90.0
55.0
-101.0
-110.0
42.0
-119.0
-102.0
77.0
25.0
-110.0
