-121.0
-110.0
-111.0
-101.0
-101.0
-136.0
-102.0
-163.0
-105.0
-110.0
-133.0
-101.0
-103.0
-110.0
-113.0
-101.0
-110.0
-110.0
-128.0
-126.0
-101.0
-101.0
-148.0
-129.0
-182.0
-115.0
-121.0
-105.0
-125.0
-148.0
-115.0
-113.0
-157.0
-103.0
-140.0
-184.0
-101.0
-122.0
-167.0
-203.0
-119.0
-159.0
-144.0
-142.0
33.0
69.0
-137.0
-160.0
-110.0
-175.0
-140.0
-117.0
-227.0
-133.0
-128.0
-110.0
-112.0
-130.0
-122.0
-125.0
-116.0
-150.0
-158.0
-150.0
47.0
-188.0
-30.0
-115.0
18.0
-172.0
84.0
-102.0
-101.0
-159.0
77.0
-111.0
-140.0
-128.0
-101.0
-169.0
38.0
13.0
55.0
-139.0
-153.0
-157.0
-103.0
-110.0
17.0
-101.0
-130.0
-101.0
70.0
47.0
-102.0
-102.0
-123.0
-110.0
50.0
-156.0
-114.0
64.0
77.0
44.0
39.0
36.0
56.0
28.0
44.0
-122.0
-101.0
-111.0
-105.0
-183.0
79.0
81.0
-127.0
-110.0
-110.0
55.0
-103.0
35.0
-126.0
-106.0
71.0
-123.0
-132.0
-123.0
-102.0
-150.0
61.0
-101.0
68.0
-101.0
-113.0
64.0
-110.0
-133.0
-110.0
84.0
-110.0
-110.0
62.0
-115.0
86.0
-114.0
-110.0
68.0
-154.0
-103.0
