-101.0
-105.0
-121.0
-112.0
-102.0
-112.0
-104.0
-102.0
-128.0
-121.0
-128.0
-110.0
-123.0
-119.0
-106.0
-115.0
-127.0
-179.0
-120.0
-182.0
-159.0
-110.0
-121.0
-116.0
-151.0
-110.0
-113.0
-101.0
-183.0
-101.0
-112.0
-101.0
-134.0
-126.0
-152.0
-101.0
-105.0
-170.0
-123.0
-111.0
66.0
-111.0
-136.0
-138.0
-245.0
-101.0
-117.0
-172.0
-151.0
59.0
-108.0
-116.0
-125.0
-127.0
-103.0
-103.0
-110.0
66.0
64.0
-133.0
63.0
58.0
48.0
-117.0
-129.0
-117.0
68.0
81.0
-139.0
55.0
-102.0
52.0
82.0
48.0
59.0
-101.0
-115.0
-101.0
79.0
-103.0
-101.0
-131.0
-101.0
-133.0
39.0
-103.0
81.0
-113.0
-111.0
-101.0
75.0
-103.0
-140.0
-134.0
50.0
-110.0
-111.0
86.0
-140.0
59.0
-128.0
-108.0
-110.0
88.0
57.0
-110.0
-106.0
-125.0
55.0
-102.0
57.0
-101.0
-104.0
-101.0
37.0
57.0
50.0
79.0
-101.0
73.0
-172.0
13.0
35.0
-123.0
-31.0
90.0
68.0
-142.0
-110.0
70.0
-101.0
50.0
-101.0
-134.0
-101.0
-147.0
-110.0
61.0
-139.0
81.0
61.0
-110.0
70.0
72.0
81.0
55.0
-111.0
-110.0
90.0
75.0
