-103.0
-101.0
-111.0
-111.0
-160.0
-102.0
-140.0
-126.0
-134.0
-101.0
-105.0
-129.0
-111.0
-111.0
-103.0
-110.0
-111.0
-125.0
-104.0
-102.0
-101.0
-154.0
-145.0
-104.0
15.0
-191.0
-141.0
-103.0
-110.0
-135.0
-116.0
-101.0
-110.0
-126.0
-117.0
-145.0
-105.0
-115.0
-102.0
-102.0
-111.0
-115.0
-142.0
-166.0
-110.0
-121.0
-280.0
-122.0
-115.0
-101.0
-159.0
-137.0
-135.0
-103.0
57.0
-101.0
-124.0
24.0
-199.0
-175.0
-135.0
-117.0
-145.0
-102.0
-112.0
-117.0
-105.0
-110.0
-102.0
12.0
-180.0
-101.0
-126.0
-128.0
-127.0
-218.0
-111.0
-110.0
-159.0
-102.0
-186.0
-121.0
-110.0
-114.0
-103.0
-111.0
-149.0
30.0
63.0
-106.0
-111.0
-172.0
-121.0
-125.0
10.0
-7.0
-101.0
-32.0
59.0
-114.0
-112.0
2.0
-101.0
61.0
-111.0
-102.0
81.0
-103.0
-125.0
63.0
-113.0
-110.0
-101.0
-101.0
50.0
-186.0
-102.0
32.0
81.0
-7.0
-101.0
68.0
-128.0
-130.0
-51.0
-143.0
-174.0
-110.0
-131.0
31.0
-110.0
-128.0
-134.0
30.0
24.0
20.0
-101.0
-232.0
6.0
-111.0
43.0
-124.0
-105.0
-150.0
-163.0
-110.0
-101.0
-110.0
-111.0
-110.0
