-110.0
-125.0
-102.0
-101.0
-101.0
-126.0
-112.0
-102.0
-110.0
-111.0
-110.0
-116.0
-226.0
-117.0
-110.0
-102.0
-101.0
-167.0
-111.0
-110.0
-124.0
-116.0
-111.0
-143.0
-110.0
-111.0
-161.0
-111.0
-101.0
-118.0
-130.0
-111.0
-106.0
-114.0
-110.0
-136.0
-147.0
-134.0
-103.0
-101.0
-110.0
-101.0
-356.0
-103.0
-111.0
-103.0
-162.0
-111.0
-102.0
-113.0
-120.0
-130.0
-102.0
-101.0
-101.0
33.0
-192.0
-110.0
-120.0
-129.0
-101.0
-115.0
-111.0
-102.0
-107.0
-111.0
-136.0
-110.0
-107.0
-107.0
-142.0
-112.0
-101.0
17.0
-101.0
-101.0
-110.0
-124.0
-132.0
57.0
-103.0
-141.0
79.0
-221.0
44.0
-135.0
-142.0
-164.0
-135.0
-110.0
-170.0
-101.0
-260.0
-131.0
-141.0
-142.0
-121.0
-101.0
-134.0
-110.0
-113.0
-112.0
-120.0
-102.0
-133.0
-149.0
-110.0
-112.0
70.0
-121.0
-147.0
-111.0
-122.0
-158.0
-130.0
-113.0
-6.0
-157.0
-113.0
-111.0
-150.0
-117.0
-111.0
-104.0
-110.0
-124.0
-110.0
-140.0
-101.0
-101.0
-123.0
57.0
72.0
-102.0
-140.0
-110.0
-141.0
-101.0
-163.0
-112.0
-121.0
-101.0
-101.0
-101.0
70.0
-110.0
68.0
-105.0
-112.0
-113.0
