-101.0
-101.0
-139.0
-110.0
-102.0
-101.0
-101.0
-202.0
-150.0
-113.0
-168.0
-128.0
-129.0
-145.0
-172.0
-101.0
-125.0
-147.0
-110.0
-270.0
-121.0
-101.0
-112.0
-132.0
-133.0
-101.0
-110.0
-101.0
-110.0
-111.0
-103.0
-111.0
-112.0
-110.0
-101.0
-102.0
-110.0
-144.0
-111.0
-131.0
-101.0
-103.0
-113.0
-116.0
-114.0
-102.0
-126.0
-130.0
-101.0
-101.0
-110.0
-112.0
-112.0
-120.0
-165.0
-118.0
-110.0
32.0
-121.0
-111.0
-144.0
-125.0
-115.0
-101.0
-165.0
-110.0
-111.0
-139.0
-115.0
-105.0
-115.0
-101.0
-135.0
-173.0
-102.0
-143.0
-122.0
-181.0
-125.0
-101.0
-103.0
-111.0
-121.0
-112.0
-180.0
-139.0
40.0
-101.0
-174.0
-122.0
-111.0
-102.0
-198.0
-133.0
-139.0
-116.0
-104.0
-168.0
-187.0
-116.0
-124.0
-102.0
-127.0
-145.0
-113.0
-110.0
-111.0
-130.0
-102.0
-106.0
-110.0
-282.0
-130.0
-123.0
59.0
-101.0
-110.0
-187.0
-138.0
-101.0
-103.0
-193.0
-102.0
-111.0
-110.0
-101.0
-110.0
-202.0
-134.0
-111.0
-124.0
-226.0
-258.0
-114.0
-122.0
-101.0
-125.0
-126.0
-111.0
-155.0
-110.0
-102.0
-221.0
-123.0
-110.0
-167.0
-163.0
-114.0
-143.0
-2.0
