-137.0
-103.0
-110.0
-101.0
-110.0
-111.0
-209.0
-111.0
-103.0
-163.0
-121.0
-118.0
-103.0
-120.0
-163.0
-101.0
-120.0
-110.0
-111.0
-110.0
-110.0
-103.0
-113.0
-110.0
-101.0
-110.0
-131.0
-123.0
-124.0
-180.0
-101.0
-133.0
-102.0
-101.0
-115.0
-110.0
-123.0
-108.0
-124.0
-110.0
-101.0
-160.0
-141.0
-143.0
-112.0
-119.0
-143.0
-110.0
-150.0
-102.0
-106.0
-128.0
-110.0
-111.0
-160.0
-243.0
-105.0
-154.0
-155.0
-111.0
-170.0
-111.0
-121.0
-120.0
-111.0
-110.0
-144.0
-101.0
-101.0
-133.0
-132.0
-111.0
-110.0
-130.0
-172.0
-111.0
-125.0
-110.0
-110.0
-101.0
-135.0
-161.0
-130.0
-185.0
-161.0
-114.0
-103.0
-143.0
-101.0
-121.0
24.0
-101.0
-17.0
-110.0
-110.0
-121.0
-192.0
-165.0
-119.0
-111.0
-179.0
-114.0
-101.0
-101.0
-110.0
-220.0
-110.0
-277.0
-101.0
-161.0
-101.0
-118.0
-153.0
-106.0
-180.0
-101.0
-121.0
-110.0
-110.0
-120.0
55.0
-128.0
59.0
-101.0
-121.0
-112.0
-137.0
-110.0
-136.0
-204.0
-226.0
-110.0
-197.0
-101.0
-156.0
-110.0
-112.0
-111.0
-135.0
-111.0
-101.0
-110.0
-168.0
-169.0
-226.0
-101.0
-102.0
-113.0
-110.0
-125.0
