-101.0
-101.0
-103.0
-102.0
-125.0
-113.0
-101.0
-121.0
-104.0
-110.0
-111.0
-131.0
-102.0
-114.0
-109.0
-102.0
-101.0
-101.0
-167.0
-164.0
-110.0
-110.0
-114.0
-110.0
-118.0
-111.0
-133.0
-108.0
-104.0
-139.0
-237.0
-125.0
-101.0
-110.0
-203.0
-102.0
-110.0
-114.0
-115.0
70.0
-110.0
-142.0
-112.0
-120.0
-123.0
-127.0
-148.0
-110.0
-101.0
-112.0
-110.0
-176.0
-122.0
-125.0
-160.0
33.0
-165.0
-105.0
35.0
-189.0
39.0
-110.0
-120.0
-102.0
-120.0
-117.0
-111.0
-133.0
-114.0
-122.0
-134.0
-110.0
-110.0
-122.0
-166.0
-110.0
-104.0
-113.0
-189.0
-108.0
-210.0
-144.0
-145.0
-124.0
-121.0
44.0
-110.0
-128.0
-110.0
-101.0
-101.0
-115.0
-121.0
-152.0
-101.0
-103.0
-123.0
-55.0
-141.0
-119.0
54.0
-131.0
61.0
-133.0
-103.0
-110.0
-110.0
-102.0
-103.0
-111.0
-155.0
-110.0
-112.0
-110.0
-119.0
-111.0
-102.0
-105.0
44.0
-110.0
-110.0
-129.0
10.0
-110.0
-121.0
-110.0
68.0
17.0
41.0
37.0
-104.0
52.0
-121.0
-110.0
-111.0
66.0
-121.0
-120.0
53.0
73.0
37.0
-141.0
-111.0
48.0
59.0
66.0
-103.0
-182.0
-223.0
-110.0
