-114.0
-101.0
-101.0
-122.0
-115.0
26.0
-110.0
-104.0
-115.0
-134.0
-127.0
-110.0
-121.0
-104.0
-111.0
-110.0
-103.0
-112.0
-120.0
-112.0
-129.0
37.0
-101.0
-142.0
-101.0
-104.0
-101.0
-85.0
-118.0
-251.0
-148.0
-123.0
-123.0
-111.0
-104.0
-102.0
44.0
-143.0
-160.0
37.0
-193.0
-111.0
-115.0
-1.0
-101.0
-101.0
-110.0
-177.0
-110.0
-148.0
-125.0
-111.0
-101.0
-110.0
-166.0
-110.0
63.0
-111.0
-101.0
-111.0
-115.0
72.0
-113.0
-101.0
1.0
-129.0
-101.0
-224.0
-121.0
0.0
-102.0
-125.0
30.0
-121.0
-154.0
-42.0
-218.0
-156.0
-110.0
-102.0
-124.0
-159.0
-227.0
-101.0
-123.0
-189.0
-177.0
-102.0
-110.0
-110.0
-116.0
-102.0
-110.0
-110.0
21.0
-103.0
-111.0
-192.0
-101.0
-101.0
-156.0
-130.0
-218.0
-101.0
-110.0
-112.0
35.0
37.0
-105.0
-192.0
-101.0
-177.0
-159.0
-124.0
-111.0
-114.0
-110.0
-102.0
-176.0
-187.0
19.0
-102.0
-101.0
-101.0
55.0
52.0
-134.0
-110.0
-188.0
70.0
66.0
15.0
70.0
63.0
50.0
59.0
-122.0
-116.0
-114.0
50.0
63.0
-111.0
-137.0
-101.0
50.0
1.0
81.0
59.0
29.0
21.0
