-101.0
-139.0
-124.0
-101.0
-106.0
-104.0
-123.0
-200.0
-188.0
-114.0
-135.0
-187.0
-101.0
-114.0
-134.0
-113.0
-111.0
-101.0
-101.0
-102.0
-110.0
-115.0
-105.0
-218.0
-105.0
-112.0
-110.0
-104.0
-110.0
-110.0
-120.0
-209.0
-127.0
-109.0
-101.0
-118.0
-132.0
-122.0
-110.0
-103.0
-103.0
-112.0
-101.0
-113.0
-118.0
-110.0
-101.0
-114.0
-135.0
-112.0
-278.0
-244.0
-110.0
-108.0
-114.0
-167.0
-110.0
-110.0
-103.0
-101.0
-130.0
-131.0
-101.0
-101.0
-125.0
-203.0
-114.0
-114.0
-131.0
-129.0
-206.0
-263.0
-135.0
-101.0
-183.0
-145.0
-141.0
-140.0
-115.0
-131.0
-160.0
-143.0
-101.0
-101.0
-158.0
-113.0
-124.0
-111.0
-160.0
-125.0
-149.0
-273.0
-102.0
-103.0
-104.0
-101.0
-126.0
-104.0
-104.0
-101.0
-147.0
-167.0
-116.0
-206.0
-176.0
-116.0
-110.0
-159.0
-101.0
-110.0
-111.0
-143.0
-111.0
-101.0
-112.0
-105.0
47.0
-117.0
-235.0
-206.0
-114.0
-110.0
-128.0
-110.0
-110.0
-148.0
28.0
-110.0
-101.0
-110.0
-144.0
-155.0
-101.0
-126.0
-110.0
-220.0
-140.0
-24.0
-138.0
-101.0
-137.0
-110.0
-124.0
-101.0
-107.0
-161.0
-122.0
-211.0
63.0
-112.0
