-110.0
-102.0
-101.0
-110.0
-143.0
-120.0
-101.0
-132.0
-101.0
-110.0
-110.0
-123.0
-101.0
-104.0
-101.0
-145.0
-104.0
-111.0
-101.0
-101.0
-102.0
-126.0
-182.0
-111.0
-116.0
-123.0
-110.0
-110.0
-112.0
-101.0
-206.0
-101.0
-182.0
-163.0
-130.0
-145.0
-119.0
-101.0
-101.0
-152.0
-114.0
-113.0
-110.0
-101.0
-101.0
-112.0
-101.0
-174.0
-101.0
-123.0
-125.0
-176.0
-114.0
-101.0
-112.0
-148.0
-101.0
-101.0
-124.0
-111.0
-110.0
-105.0
-101.0
-102.0
-110.0
-111.0
40.0
-110.0
-117.0
-140.0
-132.0
-169.0
-101.0
-103.0
-101.0
-157.0
-119.0
-139.0
-175.0
-216.0
-130.0
-124.0
-128.0
-111.0
-172.0
-191.0
-110.0
50.0
-111.0
-164.0
-101.0
-143.0
-101.0
-122.0
-126.0
-102.0
66.0
-112.0
-111.0
-101.0
-119.0
-101.0
-200.0
-166.0
-101.0
-190.0
-152.0
-132.0
-2.0
-138.0
48.0
-180.0
-101.0
75.0
24.0
-111.0
-124.0
-150.0
-174.0
-119.0
-17.0
-139.0
-121.0
-114.0
-148.0
-140.0
75.0
-242.0
-110.0
-101.0
-113.0
62.0
-158.0
-102.0
28.0
90.0
-101.0
-110.0
-173.0
75.0
46.0
-110.0
-110.0
-110.0
-203.0
79.0
72.0
-112.0
-111.0
-102.0
