-103.0
-113.0
-101.0
-110.0
-101.0
-130.0
-101.0
-110.0
-124.0
-117.0
-102.0
-101.0
-102.0
-123.0
-131.0
-110.0
-111.0
-110.0
-204.0
-104.0
-179.0
-112.0
-104.0
-101.0
-242.0
-101.0
-112.0
-138.0
-171.0
-112.0
-112.0
-146.0
-103.0
-217.0
-153.0
-121.0
-160.0
-110.0
-138.0
-101.0
-135.0
-105.0
-133.0
-190.0
-207.0
-101.0
-111.0
-123.0
-153.0
-122.0
-111.0
-111.0
-186.0
-148.0
-102.0
-111.0
-101.0
-111.0
41.0
-169.0
-110.0
-101.0
-162.0
-115.0
-116.0
-187.0
-101.0
-102.0
-105.0
-169.0
-121.0
-102.0
-168.0
-116.0
-110.0
-111.0
-124.0
-141.0
-101.0
-101.0
-111.0
-132.0
-142.0
-123.0
-101.0
-176.0
-101.0
-112.0
-102.0
-121.0
-150.0
-142.0
-101.0
-134.0
-156.0
-122.0
-103.0
-148.0
-110.0
-111.0
-32.0
-110.0
-103.0
-221.0
-185.0
59.0
-147.0
-131.0
-110.0
-105.0
-133.0
-111.0
-145.0
-139.0
-101.0
-101.0
-116.0
-116.0
-136.0
-101.0
-112.0
-157.0
-164.0
-188.0
-150.0
68.0
66.0
-110.0
-110.0
-210.0
-101.0
-101.0
-130.0
-201.0
-101.0
-110.0
-110.0
30.0
-182.0
-111.0
-110.0
-104.0
-110.0
-110.0
-158.0
-194.0
-110.0
49.0
-137.0
-126.0
