-112.0
-101.0
-117.0
-102.0
-105.0
-115.0
-110.0
-115.0
-138.0
-101.0
-110.0
-142.0
-110.0
-103.0
-110.0
-153.0
-206.0
-135.0
-199.0
-252.0
-112.0
-177.0
-114.0
-163.0
-208.0
-101.0
-140.0
-101.0
-114.0
-111.0
-112.0
-277.0
-111.0
-101.0
-102.0
-117.0
-110.0
-136.0
-101.0
-110.0
-110.0
26.0
-110.0
-112.0
-101.0
-110.0
-101.0
-128.0
-124.0
-101.0
-193.0
-112.0
-110.0
-154.0
-110.0
-127.0
-103.0
-149.0
-139.0
-121.0
-101.0
-159.0
-189.0
-113.0
-102.0
-133.0
-103.0
-137.0
-143.0
-130.0
-111.0
-121.0
-157.0
-170.0
-102.0
-117.0
-101.0
-134.0
-186.0
-103.0
-110.0
-128.0
-130.0
-110.0
-101.0
-102.0
-317.0
-113.0
39.0
-103.0
-110.0
61.0
-115.0
-101.0
-115.0
33.0
-101.0
-15.0
-102.0
-113.0
-101.0
-121.0
-110.0
-110.0
46.0
-101.0
-101.0
-116.0
-110.0
-125.0
-111.0
-115.0
-120.0
-123.0
-101.0
-144.0
-107.0
-22.0
-126.0
-125.0
-123.0
-110.0
-119.0
-118.0
-112.0
-147.0
21.0
-105.0
41.0
32.0
-110.0
66.0
-104.0
-101.0
-165.0
-154.0
9.0
-126.0
-118.0
52.0
1.0
-174.0
-138.0
-110.0
-127.0
-110.0
19.0
-111.0
-102.0
-101.0
