-125.0
-101.0
-149.0
-123.0
-113.0
-101.0
-166.0
-110.0
-136.0
-111.0
-101.0
-103.0
-132.0
-105.0
-104.0
-150.0
-110.0
-106.0
-121.0
-142.0
-182.0
-110.0
-101.0
-133.0
-105.0
-110.0
-122.0
-123.0
-114.0
-121.0
-112.0
-175.0
-118.0
-101.0
-101.0
-129.0
-206.0
-135.0
-152.0
57.0
-111.0
-101.0
-145.0
-153.0
-182.0
-159.0
-158.0
-110.0
-101.0
-130.0
-102.0
7.0
-139.0
-111.0
-106.0
-118.0
-170.0
-103.0
-103.0
-151.0
-101.0
-101.0
-143.0
-167.0
-164.0
-132.0
45.0
-110.0
-110.0
-110.0
-112.0
-120.0
-219.0
-118.0
-110.0
-110.0
-103.0
-173.0
-101.0
-102.0
-110.0
-168.0
-112.0
-123.0
-120.0
-110.0
-126.0
-105.0
-103.0
-102.0
-45.0
-188.0
-110.0
-161.0
-126.0
-110.0
-101.0
-155.0
37.0
22.0
-154.0
-110.0
-143.0
-115.0
55.0
39.0
-110.0
-111.0
-185.0
-173.0
-116.0
-110.0
38.0
-101.0
-111.0
-228.0
-104.0
-196.0
-105.0
-163.0
-110.0
-117.0
-110.0
35.0
48.0
-110.0
-105.0
-101.0
-170.0
-110.0
-137.0
-103.0
-110.0
-128.0
-134.0
-160.0
-133.0
-104.0
-103.0
-115.0
-120.0
-128.0
68.0
-110.0
-113.0
-103.0
-112.0
-107.0
-120.0
-120.0
