-101.0
-102.0
-101.0
-102.0
-153.0
-101.0
-101.0
-110.0
-168.0
-110.0
-186.0
-114.0
-103.0
-111.0
-101.0
-103.0
-135.0
-125.0
-163.0
-102.0
-135.0
-110.0
-123.0
-118.0
-110.0
-105.0
-136.0
-115.0
-139.0
-127.0
-117.0
-110.0
-105.0
-104.0
-101.0
-103.0
-217.0
-112.0
-101.0
-111.0
-101.0
-148.0
-119.0
-143.0
-113.0
-214.0
-102.0
-101.0
-237.0
-124.0
-156.0
-101.0
-156.0
-110.0
-105.0
-101.0
-154.0
-101.0
-127.0
-119.0
-101.0
-110.0
-101.0
-112.0
-152.0
-110.0
-101.0
-120.0
-110.0
-185.0
-114.0
-111.0
-237.0
-185.0
-102.0
-128.0
-3.0
-110.0
-111.0
-110.0
70.0
-183.0
-198.0
-125.0
-120.0
-177.0
-135.0
59.0
-123.0
-138.0
-137.0
-103.0
39.0
-101.0
-101.0
-169.0
-123.0
-101.0
-103.0
-111.0
-110.0
-103.0
-122.0
-168.0
-143.0
-101.0
-101.0
26.0
-111.0
-139.0
-113.0
-110.0
-115.0
-101.0
-116.0
-102.0
-111.0
-115.0
-101.0
-127.0
-103.0
-101.0
-159.0
64.0
-101.0
-113.0
-111.0
-126.0
-101.0
-132.0
-133.0
-132.0
-18.0
-110.0
-148.0
-103.0
-112.0
46.0
-111.0
-110.0
-124.0
-110.0
-110.0
-102.0
20.0
-150.0
-112.0
31.0
-101.0
-133.0
