-103.0
-101.0
-110.0
-181.0
-111.0
-135.0
-102.0
-112.0
-101.0
-112.0
-110.0
-111.0
-166.0
-103.0
-129.0
-220.0
-124.0
-111.0
-153.0
-285.0
-121.0
-102.0
-180.0
-101.0
-101.0
-103.0
-110.0
-124.0
-101.0
-101.0
-110.0
-102.0
-110.0
-114.0
-111.0
-194.0
-101.0
-103.0
-101.0
-126.0
-158.0
-101.0
-169.0
-103.0
-110.0
-113.0
-133.0
-114.0
-105.0
-111.0
-160.0
-101.0
-132.0
-110.0
-121.0
-117.0
-101.0
-185.0
-116.0
-113.0
-161.0
-102.0
-153.0
-111.0
-110.0
-112.0
-101.0
-113.0
-168.0
-101.0
-114.0
-120.0
-157.0
-111.0
-118.0
-111.0
-110.0
-173.0
-126.0
-143.0
-140.0
-111.0
-149.0
-121.0
-101.0
-156.0
-112.0
-148.0
-101.0
-112.0
-110.0
-102.0
-102.0
-110.0
-101.0
-176.0
-112.0
-154.0
-170.0
-202.0
-122.0
-225.0
-104.0
-152.0
-110.0
-102.0
-112.0
-114.0
-161.0
-105.0
-101.0
68.0
70.0
-104.0
-141.0
-110.0
-111.0
-101.0
-110.0
-121.0
-122.0
-112.0
-110.0
-113.0
-101.0
-222.0
-131.0
-101.0
-207.0
-113.0
-124.0
-170.0
-124.0
-110.0
-104.0
-122.0
-101.0
-114.0
-154.0
-154.0
-219.0
-101.0
-102.0
-113.0
-102.0
-110.0
-168.0
-124.0
35.0
-111.0
