47.0
-101.0
-101.0
-111.0
-101.0
-154.0
-134.0
-110.0
-112.0
-224.0
-102.0
-136.0
-171.0
-147.0
-124.0
-141.0
-110.0
-111.0
-101.0
-110.0
-166.0
-104.0
-209.0
-126.0
68.0
-143.0
-106.0
-114.0
-173.0
-101.0
-120.0
-128.0
-162.0
-139.0
-113.0
-102.0
-246.0
-113.0
-165.0
-110.0
-110.0
55.0
-105.0
-115.0
-119.0
-177.0
-124.0
-110.0
-103.0
-110.0
-112.0
-127.0
44.0
-119.0
-114.0
-118.0
-110.0
-111.0
-157.0
-112.0
-161.0
-121.0
-209.0
-108.0
-122.0
-101.0
-126.0
-159.0
79.0
-102.0
-101.0
-177.0
-103.0
-103.0
-132.0
-114.0
-115.0
-103.0
18.0
-134.0
-119.0
-164.0
-110.0
-112.0
-147.0
-110.0
-110.0
-150.0
-112.0
-103.0
-110.0
-121.0
-111.0
-110.0
-101.0
-140.0
-131.0
-122.0
-101.0
-101.0
-136.0
-158.0
-103.0
-118.0
-101.0
-110.0
28.0
13.0
-171.0
-114.0
-101.0
46.0
-148.0
22.0
-116.0
-101.0
-137.0
-101.0
-1.0
-101.0
-101.0
-192.0
-101.0
-112.0
-110.0
-138.0
41.0
-131.0
75.0
11.0
-120.0
88.0
-110.0
48.0
61.0
-145.0
-101.0
-102.0
-114.0
-141.0
88.0
64.0
-146.0
-112.0
-110.0
90.0
39.0
19.0
61.0
-111.0
