-194.0
-101.0
-110.0
-110.0
-177.0
-114.0
-101.0
-199.0
-113.0
-102.0
-126.0
-134.0
-101.0
-110.0
-125.0
-101.0
-114.0
-201.0
-143.0
-113.0
-101.0
-177.0
-115.0
-138.0
59.0
-116.0
-122.0
-102.0
-110.0
-110.0
-116.0
-104.0
-101.0
-111.0
-134.0
59.0
-120.0
-101.0
-104.0
-113.0
-124.0
-165.0
-145.0
-113.0
-103.0
-142.0
-139.0
-110.0
-235.0
-142.0
-112.0
-110.0
-112.0
-133.0
-178.0
-155.0
-101.0
-161.0
-160.0
-155.0
70.0
-157.0
-157.0
61.0
-101.0
-112.0
-200.0
-117.0
-121.0
-101.0
-101.0
-112.0
-113.0
-101.0
-124.0
-111.0
-124.0
-110.0
-128.0
-102.0
-137.0
-128.0
90.0
-112.0
-5.0
-110.0
-134.0
-104.0
-123.0
42.0
-101.0
-174.0
70.0
-110.0
-124.0
-135.0
-113.0
-115.0
-124.0
-108.0
-110.0
11.0
-111.0
-101.0
-101.0
-157.0
-106.0
-112.0
-103.0
-102.0
-110.0
-129.0
-110.0
-101.0
-106.0
-101.0
-114.0
-110.0
-147.0
-111.0
-123.0
-102.0
-13.0
-101.0
39.0
-148.0
-101.0
-102.0
-119.0
66.0
-112.0
-105.0
-101.0
-110.0
-101.0
-110.0
31.0
-9.0
-138.0
-114.0
-112.0
61.0
75.0
-111.0
68.0
-101.0
-113.0
-101.0
-101.0
-66.0
