-209.0
-101.0
-101.0
-111.0
-104.0
-102.0
-102.0
-110.0
-110.0
-156.0
-115.0
-179.0
-101.0
-144.0
-158.0
-101.0
-112.0
-137.0
-121.0
-110.0
-167.0
-110.0
-125.0
-112.0
-132.0
-110.0
-102.0
-183.0
-122.0
-133.0
-112.0
-166.0
50.0
-129.0
57.0
-111.0
-122.0
-150.0
-110.0
-101.0
-101.0
-112.0
-106.0
-103.0
-101.0
-123.0
-110.0
-134.0
-101.0
-124.0
-104.0
-241.0
-185.0
-125.0
-151.0
-110.0
-130.0
-122.0
-112.0
-110.0
-102.0
-164.0
-111.0
-114.0
-110.0
-127.0
37.0
-110.0
-112.0
-105.0
-102.0
64.0
-110.0
-138.0
-159.0
-102.0
-113.0
-199.0
-175.0
39.0
-129.0
-131.0
-110.0
-121.0
17.0
48.0
-101.0
-101.0
-113.0
-102.0
-110.0
8.0
-135.0
-113.0
-168.0
-111.0
-200.0
-110.0
-122.0
23.0
-110.0
-102.0
-101.0
-101.0
-110.0
-102.0
-101.0
-110.0
-110.0
21.0
-101.0
-132.0
-103.0
-10.0
-101.0
15.0
-116.0
-135.0
-156.0
-110.0
-112.0
-103.0
-113.0
28.0
-152.0
-154.0
-110.0
57.0
57.0
-102.0
81.0
45.0
-158.0
57.0
-122.0
-114.0
-149.0
62.0
-110.0
79.0
24.0
-114.0
-102.0
-103.0
-110.0
-112.0
15.0
-110.0
-111.0
-167.0
