-102.0
-101.0
-149.0
-110.0
-110.0
-101.0
-110.0
-101.0
-102.0
-101.0
-151.0
-134.0
-110.0
-110.0
-102.0
-149.0
-112.0
-166.0
-143.0
-116.0
-151.0
-103.0
-114.0
-111.0
-205.0
-150.0
-112.0
-126.0
-101.0
-105.0
-131.0
-172.0
-162.0
-126.0
-155.0
-110.0
-110.0
-151.0
-179.0
-160.0
-160.0
-126.0
-111.0
-121.0
-101.0
-179.0
-101.0
-158.0
-133.0
-175.0
-111.0
-147.0
-108.0
-158.0
-102.0
-112.0
-113.0
-115.0
-137.0
-101.0
-102.0
-110.0
-123.0
-127.0
-179.0
-159.0
-110.0
-102.0
-113.0
-111.0
-133.0
-110.0
-138.0
-130.0
-168.0
-160.0
-110.0
-162.0
37.0
-163.0
-63.0
-102.0
-113.0
-114.0
-110.0
-124.0
-125.0
-151.0
-124.0
-108.0
-101.0
8.0
-201.0
55.0
-111.0
-137.0
-168.0
-113.0
57.0
-110.0
-134.0
-196.0
-129.0
-101.0
-167.0
29.0
-101.0
-102.0
28.0
32.0
-111.0
-178.0
-138.0
-187.0
-101.0
-124.0
-103.0
-110.0
-110.0
-177.0
68.0
-112.0
-105.0
-111.0
-101.0
-111.0
-110.0
-111.0
-130.0
61.0
-102.0
17.0
-101.0
-123.0
24.0
-114.0
55.0
-102.0
-110.0
-150.0
-104.0
-1.0
59.0
-110.0
61.0
37.0
64.0
-103.0
-110.0
-101.0
