-101.0
-166.0
-146.0
-101.0
-113.0
-114.0
-111.0
-103.0
-102.0
-103.0
-192.0
-139.0
-111.0
-110.0
-111.0
-186.0
-110.0
-102.0
-106.0
-105.0
-118.0
-121.0
-111.0
-201.0
-283.0
-111.0
-149.0
-111.0
-140.0
-120.0
-156.0
-110.0
-104.0
-189.0
-123.0
-122.0
-149.0
-101.0
64.0
-5.0
-113.0
-112.0
-156.0
-159.0
-121.0
-113.0
-106.0
-235.0
-113.0
-121.0
-190.0
-160.0
-136.0
-118.0
-167.0
-128.0
-110.0
-135.0
-112.0
-139.0
-183.0
-113.0
-111.0
-111.0
-155.0
12.0
-110.0
-149.0
-214.0
-101.0
-102.0
32.0
-110.0
-101.0
-123.0
-108.0
-101.0
-122.0
-172.0
-110.0
-110.0
-114.0
-110.0
-102.0
-119.0
-205.0
-112.0
-234.0
-113.0
77.0
-112.0
32.0
-110.0
-110.0
-110.0
-103.0
-110.0
-101.0
26.0
-112.0
-101.0
-102.0
-121.0
-110.0
-124.0
-185.0
-123.0
-110.0
-113.0
-130.0
-137.0
-112.0
-111.0
-112.0
-113.0
-111.0
-112.0
79.0
26.0
-101.0
-185.0
-101.0
-172.0
-173.0
-149.0
-102.0
-110.0
-110.0
-110.0
-102.0
-111.0
-133.0
-123.0
-112.0
42.0
-103.0
-114.0
-114.0
37.0
-101.0
-101.0
-5.0
-104.0
-101.0
-102.0
-103.0
-129.0
-174.0
-101.0
-110.0
