-106.0
-101.0
-102.0
-154.0
-101.0
-124.0
-110.0
-103.0
-111.0
-101.0
-111.0
-110.0
-125.0
-105.0
-133.0
-154.0
-127.0
-154.0
-149.0
-115.0
-123.0
-110.0
-103.0
-129.0
-143.0
-101.0
-181.0
-111.0
-115.0
-123.0
-110.0
-110.0
-112.0
-111.0
-129.0
-101.0
-187.0
-121.0
-123.0
-111.0
-113.0
-103.0
-125.0
-101.0
-111.0
-101.0
-110.0
-103.0
-110.0
-276.0
-134.0
-113.0
-114.0
-101.0
-173.0
-103.0
-111.0
-166.0
-382.0
-102.0
-133.0
-173.0
-111.0
-101.0
-142.0
-146.0
-170.0
-125.0
-101.0
-133.0
-102.0
-122.0
-101.0
-101.0
-124.0
-111.0
-110.0
-319.0
-101.0
-107.0
-152.0
-128.0
-110.0
-175.0
-139.0
-101.0
-101.0
-112.0
-124.0
-129.0
-128.0
-110.0
-111.0
-122.0
-35.0
-101.0
-110.0
-133.0
-142.0
-167.0
-102.0
-101.0
-173.0
-121.0
-129.0
-102.0
-118.0
-110.0
-2.0
-110.0
-184.0
-110.0
-112.0
-124.0
-111.0
-132.0
-115.0
-101.0
-124.0
-166.0
-158.0
-144.0
-101.0
-170.0
-105.0
34.0
-167.0
-172.0
-110.0
-189.0
-120.0
-104.0
-110.0
-115.0
-110.0
-110.0
-188.0
-167.0
-166.0
-102.0
-132.0
6.0
-163.0
-126.0
-220.0
-110.0
-110.0
-114.0
3.0
-156.0
