-123.0
-102.0
-101.0
-107.0
-101.0
-103.0
-122.0
-183.0
-121.0
-111.0
-110.0
-123.0
-101.0
-110.0
-101.0
-101.0
-161.0
-110.0
-110.0
-101.0
-101.0
-165.0
-110.0
-102.0
-101.0
-117.0
-101.0
-105.0
-114.0
-111.0
-110.0
-126.0
-101.0
-161.0
-112.0
-112.0
-110.0
-219.0
-111.0
-111.0
-156.0
-157.0
-110.0
-112.0
-193.0
-113.0
-123.0
-117.0
-115.0
-160.0
-147.0
-128.0
-121.0
-111.0
-113.0
-121.0
-103.0
-106.0
-145.0
-137.0
-134.0
-112.0
-101.0
-157.0
-112.0
-176.0
-125.0
-136.0
-253.0
-108.0
-110.0
-101.0
-112.0
-110.0
-113.0
-114.0
-146.0
-160.0
53.0
-134.0
-120.0
-113.0
-139.0
38.0
-104.0
-43.0
-111.0
-113.0
-111.0
55.0
-160.0
-179.0
-111.0
-139.0
-105.0
-150.0
-110.0
-131.0
-119.0
88.0
-103.0
-101.0
-110.0
-161.0
-103.0
-132.0
-123.0
-101.0
-143.0
-118.0
-119.0
-149.0
-113.0
73.0
-126.0
-102.0
-160.0
-110.0
-167.0
-110.0
-107.0
-102.0
-129.0
-101.0
-110.0
-124.0
5.0
-110.0
-121.0
-114.0
-112.0
-101.0
-115.0
-121.0
-242.0
-101.0
-133.0
-101.0
-107.0
-101.0
12.0
-112.0
-111.0
-109.0
70.0
-114.0
75.0
-102.0
-120.0
-102.0
